9
18,46
30,37
STARTING MOTORS
52,113
45,111
59,122
57,121
57,121
57,121
57,121
57,121
57,97
57,70
65,50
86,42
137,41
212,49
295,85
352,163
370,270
357,335
282,335
141,313
47,222
30,105
35,47
68,41
155,50
272,107
328,245
322,351
288,362
176,328
56,204
30,84
32,43
62,43
148,68
275,165
357,295
371,332
330,325
200,265
67,136
31,54
32,42
59,61
134,139
268,304
313,380
307,375
253,322
129,178
36,60
23,39
27,47
61,90
151,192
278,302
320,323
307,305
214,215
79,85
30,44
24,45
28,68
62,156
155,303
251,366
274,352
265,252
200,97
101,42
30,44
22,77
26,180
73,301
179,331
277,316
303,229
279,106
166,44
58,44
22,75
19,167
30,308
96,360
204,352
263,282
267,135
230,48
131,39
42,60
23,135
25,251
60,300
160,305
258,276
280,144
246,47
146,39
46,64
21,138
22,263
48,347
139,356
225,305
236,161
213,57
133,41
42,57
18,121
17,243
33,307
104,311
178,279
198,171
181,61
121,41
39,57
14,126
12,270
16,349
63,358
135,335
164,226
161,84
119,42
43,46
15,83
13,180
18,289
66,322
160,318
215,261
221,121
153,48
51,48
21,72
19,153
28,298
94,374
182,375
220,317
221,165
163,60
61,50
20,68
16,135
21,257
72,329
172,338
234,315
246,210
188,79
75,45
25,50
22,86
27,187
82,331
199,377
271,370
273,304
229,155
109,56
35,45
26,59
28,115
70,229
186,293
277,299
295,262
280,152
174,54
57,37
25,44
23,87
32,186
102,279
212,294
252,273
251,185
195,66
87,33
28,33
20,43
22,91
47,164
134,204
225,201
258,180
243,103
142,35
39,26
16,30
16,61
26,140
92,219
185,239
232,240
241,190
180,79
71,30
24,26
20,32
27,75
85,163
199,209
278,208
287,179
237,87
117,34
33,29
21,33
22,56
50,120
150,222
241,253
255,249
237,176
141,64
45,33
22,31
23,39
42,85
119,149
244,174
282,170
272,154
186,83
72,29
23,22
16,21
23,35
62,86
147,165
226,221
245,233
233,208
138,113
37,37
23,30
25,31
57,58
158,133
278,231
296,253
259,254
125,189
29,72
21,34
23,32
66,46
158,103
238,239
247,311
223,311
114,264
26,138
19,51
24,40
65,45
160,87
256,192
288,263
269,274
156,262
39,167
23,64
27,37
72,39
169,66
243,161
252,295
229,324
119,313
29,238
21,118
29,47
87,37
199,43
283,98
296,223
250,307
108,317
25,300
21,218
40,99
115,46
213,39
235,56
229,150
164,300
47,353
18,351
22,307
67,179
191,65
293,38
313,44
299,86
191,193
45,306
24,327
29,321
76,274
180,161
275,56
293,38
281,51
210,121
80,279
29,368
27,377
58,359
174,273
314,112
354,43
339,45
254,80
115,195
34,319
30,347
54,337
145,286
278,141
320,50
311,43
275,63
174,151
53,309
29,367
34,370
87,316
212,177
336,59
371,44
363,65
293,167
134,317
39,353
31,341
54,273
149,141
276,50
317,47
313,88
275,211
160,353
50,390
25,378
26,330
62,194
170,63
278,40
322,64
321,171
261,297
122,315
34,297
24,212
32,91
78,44
169,43
256,68
280,164
273,309
206,364
84,349
28,252
23,99
32,43
89,44
187,75
278,188
309,308
294,332
200,314
67,233
23,130
20,48
30,43
80,77
177,179
260,324
273,361
250,353
146,271
41,105
23,41
26,40
60,58
150,116
260,240
287,303
261,302
146,247
37,107
21,42
23,38
48,57
125,129
221,286
240,356
228,347
154,255
48,98
19,45
17,43
24,64
72,142
151,268
194,314
193,301
146,238
48,106
13,44
11,43
13,71
40,165
112,299
158,356
164,350
134,273
56,116
15,46
13,42
15,57
36,129
118,263
197,322
224,316
188,241
73,104
22,48
19,46
23,66
64,131
164,289
216,377
222,369
174,286
60,129
18,56
16,49
20,63
60,131
156,261
227,336
246,335
209,293
88,173
25,66
22,44
26,53
68,100
185,226
266,356
272,378
231,352
110,239
30,91
26,46
32,47
83,74
188,154
277,272
292,303
278,291
175,237
49,117
23,46
23,37
39,45
106,88
205,205
249,291
250,292
196,250
73,130
23,46
19,33
24,33
67,51
158,112
237,194
257,204
216,194
97,147
21,66
15,30
17,26
44,30
122,68
201,171
235,234
239,242
170,220
54,123
21,45
21,27
38,27
115,39
234,110
283,198
276,211
181,203
49,144
21,58
21,30
41,30
121,39
223,98
250,204
247,252
189,255
71,198
24,85
22,37
31,31
83,33
185,54
265,115
281,172
250,170
128,161
30,107
18,37
21,22
56,21
143,31
221,84
241,174
233,223
148,233
41,196
22,103
28,41
69,31
173,31
273,60
293,153
271,235
156,255
38,251
21,189
23,81
61,35
156,32
233,49
246,127
231,272
135,315
29,306
19,243
24,117
87,47
190,40
268,51
287,122
255,235
132,270
33,273
22,244
33,141
104,52
210,36
247,48
250,117
211,260
88,319
26,323
21,302
38,218
133,93
251,40
292,38
279,71
187,178
48,293
20,316
24,314
75,275
184,163
232,57
231,39
200,46
105,107
23,264
19,345
32,354
111,330
253,211
307,74
309,38
242,44
96,88
29,183
24,296
47,326
131,322
252,267
291,129
281,44
220,39
101,65
32,162
25,313
43,373
133,375
282,344
348,217
344,72
275,42
144,50
47,103
29,235
39,330
109,344
247,321
315,217
308,84
276,42
173,48
60,105
29,246
34,356
78,378
202,361
332,254
373,89
363,45
293,53
153,109
48,248
30,342
44,357
117,338
254,233
314,86
315,45
287,57
197,131
72,298
27,391
25,399
46,368
138,261
273,90
323,42
321,51
270,112
138,249
38,321
25,324
31,291
82,183
184,71
260,42
280,51
276,114
218,284
99,364
32,358
23,284
30,135
92,49
195,41
282,60
308,129
293,273
201,331
66,320
22,257
20,143
40,56
112,40
217,61
266,151
270,309
228,362
111,347
31,262
23,127
32,48
86,39
185,52
267,119
286,250
256,304
134,300
33,235
21,111
26,42
65,39
147,61
226,155
239,308
219,358
128,336
32,220
17,87
18,42
37,43
107,67
173,171
197,292
186,313
124,293
33,206
12,84
11,42
15,45
50,83
113,190
158,327
162,358
130,341
49,240
14,102
13,43
18,43
60,74
141,174
209,301
221,323
159,299
48,191
19,81
19,46
28,47
86,70
167,156
217,320
221,379
173,360
65,247
19,106
16,51
22,51
70,77
158,162
226,297
244,338
194,326
69,250
23,120
22,51
36,46
109,65
228,154
271,306
263,375
199,374
72,312
27,176
26,66
42,45
115,51
230,97
281,214
287,298
254,300
128,265
32,165
23,70
27,38
67,39
162,67
236,169
251,280
228,294
132,270
29,175
19,71
21,35
47,33
124,37
211,82
251,170
249,206
170,200
50,172
16,97
15,40
25,26
85,27
171,43
217,123
235,218
199,240
96,235
27,181
21,80
28,32
82,26
187,31
271,78
285,170
255,210
134,209
32,181
20,98
23,40
58,29
146,31
232,61
251,155
240,245
161,255
48,230
22,135
24,42
53,31
144,33
246,70
278,144
267,174
176,170
50,162
19,108
19,38
37,22
102,22
197,31
234,94
240,188
199,225
89,234
28,207
23,114
39,43
114,31
240,32
291,70
288,167
216,243
73,257
23,246
20,173
46,70
133,34
223,34
244,63
238,163
171,290
51,315
19,302
20,231
51,104
152,45
250,40
282,58
278,140
185,247
53,271
23,273
25,234
69,126
180,50
243,36
248,54
227,142
121,277
29,321
20,322
33,292
113,192
246,65
289,37
283,42
202,92
75,212
22,299
21,316
47,312
144,261
226,131
231,46
206,39
121,60
31,156
19,291
27,350
93,352
225,313
302,167
310,53
253,38
119,50
31,119
24,251
41,321
115,328
240,306
289,209
285,76
240,39
128,43
39,88
25,203
33,340
98,377
233,372
337,312
347,152
289,49
155,42
48,68
29,148
35,278
90,342
213,342
308,295
312,155
287,52
210,43
85,64
35,144
29,291
49,367
134,378
278,332
363,174
371,56
326,45
204,74
75,175
32,302
34,353
81,353
203,305
303,156
317,53
298,48
223,87
107,214
31,366
24,402
37,389
106,329
242,168
319,52
325,43
288,75
183,178
60,301
26,327
26,317
55,248
147,120
250,45
278,45
279,80
242,206
123,347
33,365
23,321
31,187
92,67
194,41
282,49
307,95
296,207
216,322
80,329
25,288
20,178
31,74
84,41
178,44
254,91
271,233
260,350
174,359
57,327
25,197
25,65
46,39
123,46
238,95
283,202
278,288
195,306
68,276
22,173
22,66
37,38
100,41
196,86
237,224
236,343
193,357
85,316
25,179
17,59
20,41
47,51
119,97
