Ä0,0,0,0,0,0,0,0,0,0,0,0,0,0,0,0,753,542,559,553,769,812,807,780,648,638,537,606,850,738,750,704,564,559,471,542,429,436,253,347,563,609,383,464,778,702,687,733,241,314,225,270,538,568,245,387,211,257,80,176,420,334,316,356,
0,0,0,0,1,1,0,0,0,0,0,0,0,0,2,0,754,544,562,556,769,813,808,780,650,643,549,606,851,739,751,705,565,560,473,542,430,436,254,347,562,609,384,463,777,702,687,734,240,314,225,269,539,568,245,387,210,257,80,177,420,335,316,356,
0,0,0,0,1,1,0,0,0,0,0,0,0,1,0,0,755,544,561,555,769,814,809,780,649,644,550,607,850,738,749,706,565,560,474,542,430,436,253,347,563,610,384,464,777,702,688,733,239,314,226,270,538,569,245,387,211,257,79,176,420,334,315,356,
0,0,0,0,1,2,0,0,0,0,0,0,0,0,3,0,754,544,561,555,768,812,808,780,650,642,550,606,851,738,750,704,565,561,473,542,430,436,255,347,563,609,385,464,778,702,687,733,240,314,225,269,538,569,245,386,210,257,78,177,420,334,316,356,
0,0,0,0,3,0,0,0,0,0,0,0,0,1,0,0,755,544,562,555,769,813,809,781,651,643,550,606,851,738,750,705,565,560,473,542,430,436,253,347,564,609,384,463,777,703,687,733,241,314,225,269,539,568,246,387,211,257,79,176,420,334,315,355,
0,0,0,0,0,1,0,0,0,0,0,0,0,1,1,0,755,544,562,555,768,812,809,780,650,642,550,607,852,738,750,705,565,560,473,542,430,436,254,347,563,607,385,464,777,701,687,733,240,314,225,269,539,568,245,387,210,257,80,176,420,335,316,356,
0,0,0,0,3,0,0,0,0,0,1,0,0,1,0,0,755,544,562,556,769,813,810,780,650,643,550,607,852,740,750,705,564,560,474,542,429,436,254,347,563,609,384,464,777,702,687,733,239,314,225,270,538,568,246,387,212,258,81,176,420,334,315,356,
0,0,0,1,0,0,0,0,0,1,0,0,0,0,2,0,755,544,561,556,767,812,808,779,649,642,550,607,851,738,750,704,564,560,474,543,430,436,254,347,563,609,385,464,776,701,687,733,240,314,225,270,539,568,245,387,210,256,79,177,420,334,315,356,
0,0,0,0,0,1,0,0,0,0,2,0,0,3,0,0,755,544,562,555,768,812,809,779,650,643,550,607,852,738,752,705,565,560,474,542,429,436,254,346,563,609,384,464,777,702,688,733,240,314,225,268,538,569,245,387,211,258,80,176,419,334,315,356,
0,0,0,1,1,0,0,0,0,2,0,0,0,0,0,0,755,544,562,555,768,813,808,779,650,642,550,606,852,738,750,705,565,560,474,542,429,436,253,347,563,609,385,464,778,701,686,731,241,314,225,270,538,568,245,386,210,257,79,177,420,334,316,356,
0,0,1,0,1,2,0,0,0,0,0,0,0,0,0,0,754,544,561,555,769,813,809,780,650,643,550,606,852,739,750,706,564,560,474,542,430,437,254,347,563,609,384,464,778,702,687,733,240,314,225,269,538,568,245,386,210,257,78,178,420,334,315,355,
0,0,0,0,1,0,0,0,0,0,0,0,0,0,0,0,755,544,562,555,768,812,809,781,651,643,550,607,852,738,749,706,565,560,473,542,430,436,253,346,563,609,384,464,777,703,687,733,240,314,225,269,538,568,246,387,210,257,79,176,420,334,315,355,
0,0,0,0,0,0,0,0,0,0,0,0,0,0,0,0,755,543,562,555,768,811,808,780,650,643,550,606,852,738,750,705,565,560,474,542,430,436,253,347,563,609,384,464,776,700,687,733,240,314,225,269,538,569,245,387,210,257,79,176,420,334,315,355,
0,0,0,0,2,1,0,0,0,0,1,0,0,1,0,0,755,544,562,555,769,812,810,781,649,643,550,607,852,739,749,706,564,559,473,542,429,436,254,347,563,609,384,464,777,702,687,734,240,314,225,270,539,569,244,387,212,258,81,176,420,334,315,356,
0,0,0,1,0,1,0,0,0,1,0,0,0,0,1,0,755,543,561,555,767,812,808,779,648,642,549,606,851,738,750,704,565,560,474,542,430,436,254,347,563,610,384,464,777,701,687,732,241,315,225,270,539,568,245,387,210,256,80,177,420,334,315,356,
0,0,0,0,0,1,0,0,0,0,0,0,0,3,0,0,754,544,562,556,768,813,810,781,650,643,550,606,852,738,752,705,564,560,474,541,429,436,254,346,563,609,384,464,777,702,687,733,240,314,225,268,538,568,245,387,211,257,80,177,419,334,315,356,
0,0,0,0,1,1,0,0,0,2,0,0,0,0,0,0,755,544,562,556,768,813,809,779,650,643,550,606,852,739,749,706,565,560,474,542,430,436,253,346,563,609,384,464,778,701,686,731,241,315,225,270,539,568,246,386,210,257,79,176,420,334,316,355,
0,0,0,0,1,2,0,0,0,0,0,0,0,2,0,0,755,544,562,556,768,814,809,780,650,643,550,607,852,739,750,705,565,560,474,542,430,436,254,346,563,609,384,464,777,702,687,733,242,316,227,271,541,571,247,389,212,259,80,178,422,336,317,358,
0,0,0,0,1,0,0,0,0,0,0,0,1,0,0,0,755,544,562,555,769,813,809,780,650,643,550,606,850,736,749,706,565,560,473,542,429,436,253,346,562,609,384,464,778,701,686,731,240,315,226,271,538,568,245,386,210,257,78,177,420,334,315,356,
0,0,0,0,0,3,0,0,0,0,0,0,0,1,0,0,754,544,562,555,769,813,809,780,650,643,550,607,850,739,750,705,565,559,474,542,430,436,255,347,563,608,384,464,776,702,687,733,240,314,225,269,539,569,245,386,211,257,80,178,419,334,315,355,
0,0,0,0,1,1,0,0,0,2,0,0,0,1,0,0,755,544,562,556,769,813,809,781,649,641,550,606,849,738,750,705,565,560,474,542,429,436,253,347,563,609,384,464,777,702,686,732,241,315,226,269,539,568,245,386,211,256,79,176,420,334,315,356,
0,0,0,0,1,4,0,0,0,0,0,0,0,0,0,0,753,544,562,555,769,813,810,781,649,643,550,606,850,739,751,706,565,560,474,542,430,436,254,346,562,609,384,464,778,702,687,733,240,314,225,269,538,568,245,387,210,257,78,177,421,334,315,356,
0,0,0,0,1,0,0,0,0,1,0,0,0,0,0,1,755,544,562,555,769,812,810,780,649,642,550,606,849,739,750,707,564,560,474,542,429,436,254,346,563,609,385,464,778,703,688,733,241,314,225,269,538,568,245,386,210,257,79,176,420,334,315,356,
0,0,0,0,1,1,0,0,0,0,0,0,0,0,2,0,754,544,561,555,768,813,808,780,650,643,550,606,851,739,750,705,565,560,474,541,430,436,255,347,562,609,384,464,776,702,687,734,240,314,225,269,539,569,245,386,210,257,80,177,420,335,316,356,
0,0,0,0,2,1,0,0,0,0,0,0,0,1,0,0,755,544,561,556,769,812,809,780,649,644,550,607,852,737,748,706,565,560,474,542,429,436,253,346,563,609,384,464,778,703,688,734,240,314,224,269,538,568,246,386,212,257,79,176,419,334,315,355,
0,0,0,0,1,0,0,0,0,0,0,0,0,1,3,0,755,544,562,555,768,811,808,780,650,642,550,607,851,739,749,704,565,560,474,542,430,436,253,347,563,609,385,464,777,702,686,732,240,314,225,268,538,568,244,386,210,257,79,176,419,334,315,355,
0,0,0,0,1,1,0,0,0,0,1,0,0,4,0,0,756,544,562,555,769,813,810,782,650,644,550,606,854,739,751,705,565,559,474,542,430,436,254,347,563,609,384,464,778,703,686,733,240,313,224,269,538,568,245,386,210,258,81,176,419,334,314,355,
0,0,0,2,0,0,1,0,0,1,0,0,0,0,0,0,755,544,562,555,768,813,809,780,648,642,550,607,850,738,750,705,564,560,474,542,430,436,253,347,563,609,384,464,776,701,686,733,240,314,225,269,539,569,245,386,211,256,79,176,420,334,315,355,
0,0,0,0,1,4,0,0,0,0,0,0,0,2,0,0,754,544,561,555,768,812,809,781,650,643,550,606,850,739,750,705,564,559,474,542,430,437,253,347,562,609,384,464,778,702,687,733,240,314,225,269,539,568,245,387,209,257,78,177,420,335,315,356,
0,0,0,0,3,1,0,0,0,1,0,0,0,1,0,1,755,544,562,556,768,813,811,781,651,643,550,606,849,739,750,706,564,560,473,542,429,436,253,347,563,609,384,464,778,703,687,733,241,314,225,270,538,568,245,386,210,257,79,176,420,334,315,355,
0,0,0,0,1,1,0,0,0,0,0,0,0,0,2,0,754,544,561,555,768,812,808,780,650,643,550,607,851,738,751,704,565,560,474,542,430,436,254,347,562,609,384,464,776,702,687,733,242,316,227,271,540,570,247,388,212,259,80,178,422,336,317,358,
0,0,0,0,2,1,0,0,0,0,0,0,0,2,0,0,755,544,562,555,768,813,808,781,650,643,550,607,851,739,750,705,565,560,474,542,429,436,253,346,563,609,384,464,778,703,687,734,240,314,224,269,538,568,246,386,211,257,80,176,419,334,315,355,
0,0,0,0,1,0,0,0,0,0,0,0,0,1,2,0,756,544,562,555,768,811,807,780,650,642,550,606,851,739,750,703,565,560,473,541,429,435,253,346,562,609,384,464,777,701,686,732,240,314,225,269,539,569,244,386,210,257,80,176,420,334,315,355,
0,0,0,0,1,1,0,0,0,0,1,0,0,3,0,0,755,544,562,555,770,813,809,781,650,642,550,606,854,739,751,705,565,559,473,542,430,436,253,347,563,610,384,464,777,702,687,733,240,314,224,269,538,569,245,387,210,258,81,176,419,334,314,355,
0,0,0,0,0,0,1,0,0,0,0,0,0,0,0,0,755,543,561,555,768,813,808,779,648,642,550,607,850,738,750,705,565,559,474,542,430,436,254,347,564,609,385,464,775,700,686,733,240,314,225,270,539,568,245,387,210,257,80,176,420,334,315,355,
0,0,0,0,1,4,0,0,0,0,0,0,0,1,0,0,754,544,562,555,769,813,809,782,650,643,550,607,851,739,751,705,564,560,474,542,430,436,254,347,563,609,384,464,778,703,687,734,240,314,225,269,538,568,245,387,209,257,78,177,420,334,315,356,
0,0,0,0,3,1,0,0,0,0,0,0,0,0,0,1,754,544,562,556,769,813,811,781,651,643,550,606,850,738,750,707,565,560,473,542,429,436,254,346,562,609,384,464,778,702,687,733,241,315,225,271,538,568,245,387,211,257,80,177,420,334,315,355,
0,0,0,1,1,1,0,0,0,0,0,0,0,0,3,0,755,544,561,555,768,812,807,778,649,643,550,606,852,738,751,704,565,560,474,542,429,436,254,347,562,609,384,464,777,702,687,733,239,314,225,268,538,568,245,386,210,257,79,176,420,334,315,355,
0,0,0,0,2,1,0,0,0,0,0,0,0,3,0,0,755,544,561,555,769,812,809,782,650,643,550,607,851,739,750,705,565,560,474,541,429,436,253,346,562,609,384,464,777,702,688,733,240,314,224,269,538,568,246,386,211,258,81,176,419,334,315,355,
0,0,0,0,1,0,0,0,0,0,0,0,0,1,1,0,756,544,562,555,768,811,807,780,649,642,549,606,851,739,750,703,565,560,473,542,430,436,254,347,562,609,385,464,776,700,686,732,240,314,225,269,539,568,245,386,210,257,79,176,420,334,315,355,
0,0,0,0,1,1,0,0,0,0,1,0,0,4,0,0,755,544,561,555,770,813,808,782,650,643,550,606,852,739,750,705,565,560,474,542,430,436,253,346,563,609,384,464,777,702,687,734,240,314,224,269,539,569,245,387,211,258,81,176,420,334,315,355,
0,0,0,0,0,0,0,0,0,1,0,0,1,0,0,0,755,544,562,557,769,813,809,780,648,642,550,607,850,738,750,706,565,560,473,542,430,436,254,347,564,610,384,464,776,701,685,733,240,314,225,269,539,568,245,387,210,257,79,176,420,334,315,356,
0,0,0,0,0,3,0,0,0,0,0,0,0,2,0,0,754,544,562,556,768,813,809,782,650,643,550,606,850,738,750,706,565,559,474,541,430,436,254,347,562,609,384,464,778,702,687,733,240,313,225,269,539,568,245,386,209,257,78,177,420,334,315,356,
0,0,0,0,3,1,0,0,0,0,0,0,0,0,0,1,755,544,562,555,768,813,811,781,650,643,550,606,849,738,749,706,565,560,474,542,430,436,253,347,563,609,384,463,777,702,687,733,241,314,225,270,538,568,245,387,211,257,79,177,420,334,315,355,
0,0,0,1,1,1,0,0,0,0,0,0,0,0,2,0,755,545,562,555,768,812,807,780,649,643,550,606,851,739,750,704,565,560,474,542,429,436,254,347,562,609,385,464,776,702,686,733,240,314,225,269,539,569,245,386,211,257,79,176,419,334,315,356,
0,0,0,0,1,1,0,0,0,0,0,0,0,3,0,0,755,544,562,555,769,813,808,780,650,643,550,606,850,741,751,705,565,560,474,541,430,436,253,346,563,610,384,464,778,703,687,733,240,314,224,269,539,569,246,387,212,258,81,177,420,334,316,356,
0,0,0,0,1,0,0,0,0,0,0,0,0,0,0,0,756,545,562,556,768,811,808,780,650,643,550,606,851,738,750,703,565,560,473,542,430,436,253,347,563,610,385,464,777,701,686,732,240,315,225,269,539,569,245,386,210,257,80,176,420,335,315,356,
0,0,0,0,0,1,0,0,0,0,2,0,0,4,0,0,755,545,562,556,769,813,809,781,650,643,550,607,853,739,750,705,565,560,474,542,430,436,254,347,563,609,384,464,777,702,687,733,240,314,225,270,539,569,246,387,211,258,81,176,420,335,315,355,
0,0,0,2,0,0,0,0,0,1,0,0,1,0,0,0,755,544,562,557,769,813,810,780,648,643,551,606,850,738,750,706,565,560,474,542,430,437,254,347,564,609,384,464,777,700,686,733,240,315,225,269,539,569,245,387,211,257,78,177,420,334,315,356,
0,0,1,0,0,3,0,0,0,0,0,0,0,1,0,0,754,545,562,555,769,813,809,781,651,644,550,607,852,739,751,705,564,559,474,542,430,437,254,347,562,609,384,464,778,703,687,734,240,314,225,270,539,569,246,387,210,257,79,177,420,335,316,356,
0,0,0,0,4,1,0,0,0,0,0,0,0,1,0,1,755,545,562,556,769,813,811,782,651,643,550,606,849,739,750,706,565,560,474,543,430,437,254,347,563,610,384,464,778,702,688,733,241,315,226,270,539,568,245,387,210,258,79,177,420,334,315,356,
0,0,0,0,1,1,0,0,0,0,0,0,0,0,2,0,755,544,562,555,768,812,808,780,650,643,551,606,851,738,750,705,565,560,474,542,430,436,254,347,563,610,385,464,777,702,687,733,240,314,225,269,539,568,245,387,211,258,80,177,420,335,315,357,
0,0,0,0,1,0,0,0,0,0,0,0,0,1,0,0,755,545,562,556,770,813,808,781,650,645,551,607,851,739,749,705,565,560,474,542,430,436,253,346,563,609,384,464,777,703,687,733,240,315,224,269,539,568,246,387,211,258,81,176,419,334,315,356,
0,0,0,0,1,0,0,0,0,0,0,0,0,0,1,0,756,545,562,556,768,811,808,781,650,643,550,606,851,739,750,704,566,560,474,542,430,436,254,347,563,610,385,464,777,701,687,732,240,314,225,269,539,568,245,386,210,257,78,177,420,334,315,356,
0,0,0,0,0,1,0,0,0,0,0,0,0,3,0,0,755,545,562,556,770,813,808,781,650,643,551,607,853,739,751,705,565,559,474,542,430,436,253,347,563,609,384,464,778,702,686,734,240,314,225,270,539,569,245,386,211,259,81,177,420,335,315,356,
0,0,0,0,0,1,0,0,0,1,0,0,1,1,0,0,755,544,562,556,768,813,809,780,649,643,551,607,849,738,751,705,565,560,474,542,430,436,254,347,564,610,384,464,776,701,686,733,240,315,225,270,539,569,245,386,210,257,80,177,420,334,315,356,
0,0,0,0,0,3,0,0,0,0,0,0,0,1,0,0,754,544,563,555,769,813,810,781,650,644,551,607,851,739,751,705,565,560,474,542,430,436,254,347,563,609,384,464,778,702,687,734,240,314,225,269,539,569,246,387,209,258,78,177,420,335,316,356,
0,0,0,0,4,1,0,0,0,0,0,0,0,0,0,1,755,544,562,555,769,813,811,781,650,644,550,606,849,739,750,707,565,561,474,543,430,436,253,347,563,609,384,464,778,702,687,733,240,314,225,271,538,568,246,386,211,257,79,176,419,334,315,355,
0,0,0,1,1,1,0,0,0,0,0,0,0,0,3,0,755,544,562,555,768,812,807,780,650,644,550,606,851,739,751,704,565,560,474,542,430,436,255,347,562,609,385,464,776,701,687,733,239,314,225,269,538,569,245,387,210,258,79,176,420,334,316,356,
0,0,0,0,1,1,0,0,0,0,0,0,0,3,0,0,754,545,562,555,768,814,809,782,650,643,550,607,851,741,751,706,565,559,474,542,430,436,253,346,562,610,384,464,779,703,687,733,240,314,224,269,539,568,246,386,211,258,81,176,419,334,315,355,
0,0,0,0,1,0,0,0,0,0,0,0,0,1,0,0,757,544,562,556,769,812,807,781,650,642,550,607,851,739,750,704,565,560,474,542,430,436,253,347,563,610,385,464,776,701,686,732,240,314,225,269,539,568,244,386,210,257,78,176,420,334,315,356,
0,0,0,0,0,1,0,0,0,0,0,0,0,2,0,0,755,544,562,556,770,813,809,781,650,643,551,607,852,739,751,705,565,559,474,542,430,437,253,347,563,609,384,464,777,703,687,734,240,314,225,269,539,569,245,386,211,258,81,177,420,334,315,355,
0,0,0,0,0,0,0,0,0,1,0,0,2,0,1,0,755,545,563,556,769,813,810,780,649,643,551,607,849,738,751,706,565,560,474,542,430,437,254,347,564,609,384,464,777,700,686,733,240,315,225,269,539,569,245,387,211,257,79,176,420,335,315,356,
0,0,0,0,0,4,0,0,0,0,0,0,0,1,1,0,754,544,562,555,770,812,809,782,650,644,551,607,851,739,751,706,565,559,474,542,430,437,254,347,562,609,384,464,778,702,687,734,240,314,225,269,539,569,245,387,210,258,78,177,420,335,315,356,
0,0,0,0,3,1,0,0,0,0,0,0,0,0,0,1,755,545,561,555,769,813,810,781,650,644,551,606,850,738,750,707,565,561,474,542,430,437,254,347,563,610,385,464,778,703,687,733,241,314,226,270,538,568,246,387,211,258,79,177,420,334,315,356,
0,0,0,1,1,1,0,0,0,0,0,0,0,0,3,0,755,545,562,555,768,812,807,780,650,644,551,607,851,739,751,704,565,560,474,542,430,436,254,348,562,609,385,464,776,702,687,734,240,314,225,269,539,568,245,387,211,258,79,176,420,334,316,356,
0,0,0,0,1,1,0,0,0,0,0,0,0,3,0,0,755,544,562,556,769,813,808,781,650,643,551,606,852,740,750,706,565,560,474,542,430,436,253,347,563,610,384,464,777,702,687,734,240,314,224,269,539,569,246,386,212,258,81,176,419,334,315,355,
0,0,0,0,1,0,1,0,0,1,0,0,0,1,0,0,756,544,562,556,769,811,808,780,650,643,550,607,851,738,751,705,566,560,473,542,430,436,253,347,563,610,385,464,777,702,686,732,240,314,225,270,539,568,245,386,211,258,79,176,420,335,315,356,
0,0,0,0,1,1,0,0,0,0,2,0,0,4,0,0,755,544,562,555,770,813,808,781,650,643,550,607,852,738,750,706,565,560,474,542,430,437,254,347,564,610,384,464,777,702,686,733,240,314,225,269,538,569,246,387,211,259,81,176,420,335,315,356,
0,0,0,0,0,0,0,0,0,1,0,0,1,1,1,0,755,544,563,556,769,813,809,781,649,643,551,607,850,739,750,706,565,560,474,542,430,436,253,347,564,610,384,464,776,700,686,733,241,315,225,270,539,568,245,387,211,257,79,177,420,334,315,356,
0,0,0,0,1,3,0,0,0,0,0,0,0,1,0,0,754,545,562,555,769,813,810,781,650,644,550,607,851,739,750,705,565,560,474,542,430,437,254,347,563,609,385,464,778,702,687,734,240,314,225,270,539,569,245,387,210,257,79,177,420,335,315,356,
0,0,0,0,3,1,0,0,0,0,0,0,0,1,0,1,755,544,562,556,769,813,811,781,650,644,551,607,851,738,750,707,565,560,474,542,430,437,254,347,563,609,385,464,779,703,688,733,241,315,225,270,538,568,245,387,210,257,79,177,420,334,315,356,
0,0,0,0,1,1,0,0,0,0,0,0,0,0,3,0,755,544,562,555,769,812,808,780,650,643,551,607,851,739,751,704,565,560,474,542,431,436,255,347,562,609,384,464,777,702,687,734,240,315,225,269,539,568,245,386,210,258,80,177,421,335,316,356,
0,0,0,0,2,1,0,0,0,0,0,0,0,1,1,0,756,544,562,556,770,813,809,780,650,645,551,607,852,738,749,705,565,560,474,542,430,436,253,347,563,610,384,464,778,702,688,734,240,314,225,269,539,569,246,387,212,258,79,176,420,334,315,355,
0,0,0,0,1,0,0,0,0,0,0,0,0,1,3,0,757,545,562,556,768,812,808,780,650,642,551,607,851,739,750,705,565,560,474,542,430,436,254,347,564,609,385,464,777,702,686,732,240,314,225,269,539,568,245,386,211,258,79,176,420,335,316,356,
0,0,0,0,1,1,0,0,0,0,1,0,0,2,0,0,755,544,562,556,769,813,810,781,650,643,550,607,854,739,751,705,565,560,474,542,430,436,254,347,563,610,385,464,778,703,687,733,240,314,225,269,539,570,245,387,211,258,81,177,420,334,315,356,
0,0,0,0,0,0,0,0,0,1,0,0,1,1,0,0,755,545,562,556,769,814,809,780,649,643,550,607,850,738,751,705,567,562,476,543,431,438,255,348,565,611,386,464,776,701,686,732,241,315,225,270,539,569,245,387,211,257,80,176,420,334,315,356,
0,0,0,0,0,3,0,0,0,0,0,0,0,2,0,0,755,544,562,555,769,813,809,781,650,643,550,606,853,738,751,706,564,560,474,542,430,436,254,347,563,611,384,464,778,702,687,733,239,314,224,269,539,568,245,386,210,258,80,177,419,334,315,356,
0,0,0,0,2,1,0,0,0,2,0,0,0,0,0,1,755,545,563,555,769,814,807,779,649,643,550,606,850,738,751,707,564,560,474,542,429,436,253,346,563,610,384,464,777,702,686,731,241,315,226,270,538,568,245,386,210,257,79,176,419,334,315,356,
0,0,0,0,1,1,0,0,0,0,0,0,0,0,2,0,754,544,561,555,768,812,808,780,650,643,550,607,851,739,751,706,565,560,474,542,430,436,255,347,562,609,385,464,776,702,686,733,240,314,225,269,539,568,245,387,210,258,80,178,420,335,315,356,
0,0,0,0,2,1,0,0,0,0,0,0,0,1,0,1,755,544,562,556,769,814,809,781,650,645,550,607,850,738,749,706,565,560,474,542,430,436,253,347,563,610,385,464,779,703,688,734,240,315,225,270,538,568,246,387,212,258,79,176,419,334,315,356,
0,0,0,0,1,0,0,0,0,0,0,0,0,0,2,0,755,544,562,556,768,811,806,780,650,643,550,607,851,739,750,704,565,560,474,542,430,436,253,347,563,609,385,464,776,702,686,733,240,314,225,269,539,569,245,386,211,258,80,177,420,335,316,356,
0,0,0,0,2,0,0,0,0,0,1,0,0,3,0,0,756,544,562,556,770,813,809,782,649,644,550,607,853,739,751,706,565,559,474,542,430,436,254,347,563,610,384,464,777,703,686,733,240,314,224,269,539,569,246,387,211,258,81,176,420,335,315,355,
0,0,0,1,0,0,0,0,0,1,0,0,1,1,1,0,755,544,562,557,769,815,808,780,649,643,551,607,850,739,750,706,565,560,474,542,430,436,253,347,563,610,384,464,777,701,686,733,241,315,227,269,539,568,245,387,211,258,78,177,420,334,315,356,
0,0,0,0,1,3,0,0,0,0,0,0,0,1,0,0,754,544,562,556,770,813,809,781,650,644,550,607,851,739,751,706,564,559,474,542,430,437,254,347,563,609,384,464,778,702,687,734,240,314,225,269,539,569,245,387,210,257,79,177,420,335,315,356,
0,0,0,0,3,0,0,0,0,1,0,0,0,0,0,1,755,544,562,556,769,812,812,781,652,644,551,606,849,738,750,706,565,560,474,542,430,436,254,346,563,610,384,464,778,703,687,733,241,315,226,271,538,568,245,387,210,258,80,177,420,335,315,356,
0,0,0,0,1,0,0,0,0,0,0,0,0,0,2,0,755,544,561,555,769,812,808,780,650,644,551,607,851,738,750,704,565,560,474,542,430,436,255,347,562,609,384,464,777,702,687,734,240,314,225,269,538,569,245,387,210,258,80,177,420,335,316,356,
0,0,0,0,2,0,0,0,0,0,0,0,0,1,0,0,755,544,562,555,769,813,808,781,651,645,551,607,851,739,750,705,565,560,474,542,430,436,253,347,563,610,384,464,777,702,687,733,239,315,225,270,538,569,246,387,212,258,79,176,420,334,316,355,
0,0,0,0,1,0,0,0,0,0,0,0,0,1,2,0,755,544,562,555,768,811,807,781,650,642,550,607,851,739,750,705,565,560,474,542,430,436,254,347,563,610,385,464,777,702,686,732,240,314,225,269,539,569,245,386,211,258,79,176,420,335,316,356,
0,0,0,0,1,1,0,0,0,0,1,0,0,3,1,0,756,544,562,556,769,813,810,781,651,644,550,607,853,739,751,705,566,562,476,543,431,438,255,349,565,612,386,466,779,703,688,734,240,314,225,269,539,569,245,387,211,259,81,176,420,334,315,356,
0,0,0,0,0,0,1,0,0,1,0,0,0,0,1,0,756,545,562,555,768,812,809,780,648,642,551,607,851,737,750,705,565,560,474,542,430,436,254,347,563,609,385,464,776,701,686,733,240,314,225,269,539,568,245,387,211,257,79,177,420,334,315,356,
0,0,0,0,0,1,0,0,0,0,1,0,0,1,0,0,754,544,562,556,769,813,809,781,650,644,550,607,852,739,750,706,564,559,474,542,430,436,253,347,563,610,385,464,778,703,687,734,240,314,225,269,539,568,245,387,210,258,81,177,420,335,315,356,
0,0,0,0,2,0,0,0,0,2,0,0,0,0,0,0,756,545,563,556,769,812,809,781,650,644,550,607,849,738,750,706,565,560,474,542,430,436,254,347,563,610,385,464,777,703,687,732,241,315,226,270,539,568,245,387,210,258,79,176,420,334,315,356,
0,0,0,0,1,2,0,0,1,0,0,0,0,0,2,0,755,544,562,555,769,812,808,780,650,644,550,607,851,739,751,706,565,561,475,542,430,437,255,347,562,610,385,464,777,702,687,734,240,314,225,269,539,568,245,387,210,258,80,178,420,335,316,357,
0,0,0,0,2,1,0,0,0,0,0,0,0,1,0,0,755,544,562,556,770,813,810,782,650,645,550,607,851,738,749,706,565,560,474,542,430,436,253,346,563,610,385,464,777,702,688,734,240,314,226,270,538,568,246,387,212,259,80,176,419,334,315,355,
0,0,0,0,1,0,0,0,0,0,0,0,0,0,2,0,755,545,562,555,768,812,808,780,650,643,550,607,851,739,750,705,565,560,474,542,430,436,254,347,563,609,385,464,778,702,687,733,240,315,225,269,538,569,245,387,211,258,78,176,420,335,316,356,
0,0,0,0,2,0,0,0,0,0,1,0,0,3,0,0,755,545,563,556,769,813,809,781,651,644,551,607,854,739,750,706,565,560,474,542,430,436,253,347,563,610,384,464,778,702,687,734,240,314,225,269,538,569,246,387,211,259,81,176,420,334,315,355,
0,0,0,0,0,0,1,0,0,0,0,0,0,1,1,0,755,544,562,555,768,811,809,780,649,643,550,607,852,740,751,705,565,560,474,542,430,436,253,347,563,610,385,464,776,701,686,734,240,314,224,269,538,569,245,386,210,258,79,176,420,334,315,355,
0,0,0,0,1,1,0,0,0,0,1,0,0,1,0,0,754,544,562,555,769,813,809,781,649,644,550,607,851,739,750,706,565,559,474,542,430,436,253,346,563,610,384,464,778,702,688,734,239,314,225,269,539,568,245,387,211,259,81,176,420,334,315,356,
0,0,0,1,1,1,0,0,0,1,0,0,0,0,0,0,756,545,562,556,769,812,808,779,648,643,550,606,850,738,749,705,565,560,474,542,430,436,253,346,563,611,384,464,778,701,686,732,241,315,226,269,539,568,245,387,210,257,79,176,420,334,315,355,
703,710,653,660,447,453,262,345,545,572,370,454,712,613,616,644,198,260,193,228,577,626,308,407,211,257,85,179,414,327,309,349,
0,0,0,0,1,0,1,0,0,1,0,0,0,1,0,0,876,756,779,727,647,682,616,697,764,782,742,740,718,574,629,525,703,711,653,662,447,453,262,345,546,572,371,454,712,611,616,642,198,260,194,228,577,625,308,406,211,257,84,178,414,327,309,350,
0,0,0,0,0,1,0,0,0,0,1,0,0,3,0,0,875,756,779,727,649,683,616,697,764,784,742,740,719,573,630,525,702,710,654,661,447,453,262,345,546,572,371,454,713,611,617,643,198,259,194,228,576,626,308,407,211,258,85,179,414,327,308,349,
0,0,0,0,1,1,1,0,0,2,0,0,1,0,1,0,875,755,779,728,648,683,617,697,762,783,742,740,718,573,630,525,703,711,654,662,447,453,262,345,546,573,370,454,712,611,616,643,198,261,195,228,576,626,307,407,210,256,83,179,414,327,308,350,
0,0,0,0,1,4,0,0,0,0,0,0,0,0,0,0,872,756,779,727,648,683,617,698,764,784,742,741,718,573,629,525,702,712,654,661,447,453,263,345,545,572,371,454,712,611,616,643,198,260,194,228,577,625,308,407,209,257,83,179,414,327,309,350,
0,0,0,0,3,0,0,0,0,0,1,0,0,0,0,1,874,756,779,726,648,683,617,698,765,784,743,740,717,573,629,526,703,710,654,662,447,453,262,345,545,572,371,454,712,612,617,644,199,261,194,229,576,624,308,407,211,257,84,179,414,327,308,350,
0,0,0,0,0,2,0,0,0,0,0,0,0,0,2,0,874,756,778,725,648,683,616,696,764,784,743,740,718,573,630,525,703,710,655,661,447,453,263,345,545,572,371,454,712,612,616,644,197,260,194,227,576,626,308,407,210,257,83,179,414,327,309,351,
0,0,0,0,2,0,0,0,0,0,1,0,0,1,0,0,874,757,779,726,649,683,617,698,764,785,743,741,718,574,628,525,703,711,655,661,447,453,262,345,545,573,371,453,712,612,618,643,198,260,194,228,576,625,309,407,212,257,84,178,414,327,308,349,
0,0,0,0,1,0,0,0,0,0,0,0,0,0,2,0,873,754,778,727,648,682,616,697,764,783,742,741,718,574,630,525,702,711,655,662,447,453,262,346,546,572,371,454,712,611,616,643,198,260,193,227,577,626,308,407,210,257,83,178,414,327,309,350,
0,0,0,0,3,0,0,0,0,0,0,0,0,1,0,0,875,755,779,727,648,683,617,697,766,784,741,740,721,574,630,525,703,711,654,661,447,453,262,345,546,572,371,454,712,612,617,644,198,260,194,228,577,625,309,407,211,258,83,179,415,327,308,350,
0,0,0,0,0,0,0,0,0,0,0,0,0,0,0,0,874,755,779,726,647,682,617,697,764,784,742,740,718,573,629,526,704,711,654,662,447,453,263,345,545,571,371,454,712,611,616,643,198,259,193,228,577,626,308,407,210,257,83,178,414,328,309,350,
0,0,0,0,3,0,0,0,0,0,3,0,0,1,0,0,875,755,779,727,648,683,617,698,764,784,741,742,719,574,629,525,702,711,654,661,447,453,263,345,546,572,370,454,712,612,617,643,197,260,194,228,577,624,309,407,211,258,85,179,414,326,308,350,
0,0,0,1,1,1,0,0,0,0,0,0,0,0,2,0,875,756,779,727,648,683,616,695,762,784,742,740,718,574,629,525,703,711,655,662,447,453,262,346,545,571,371,454,712,612,616,644,197,259,194,228,577,625,308,407,210,257,83,179,414,327,309,350,
0,0,0,0,3,1,0,0,0,0,3,0,0,0,0,0,874,756,779,727,648,683,617,698,764,783,743,740,720,573,629,525,702,711,654,661,447,453,262,345,545,572,371,454,712,612,617,644,198,260,194,229,576,624,308,407,211,257,84,179,414,327,309,350,
0,0,0,0,1,1,0,0,0,0,0,0,0,0,2,0,874,755,778,726,648,682,616,696,765,784,743,741,719,573,629,525,703,711,655,661,447,453,263,346,545,573,371,454,712,611,617,643,198,260,194,227,576,625,308,407,210,257,84,180,414,327,309,350,
0,0,0,0,2,1,0,0,0,0,0,0,0,0,0,1,874,755,779,727,648,683,617,698,764,786,742,742,718,573,629,525,703,711,655,661,447,453,262,345,546,572,370,454,712,612,617,644,198,260,195,229,575,626,309,407,211,258,84,178,414,327,308,350,
0,0,0,0,0,1,0,0,0,0,0,0,0,0,2,0,872,754,777,726,648,683,616,696,764,783,742,740,718,574,629,524,702,711,654,661,447,453,263,345,545,572,371,454,712,611,616,643,198,260,194,227,576,626,308,407,210,257,82,179,415,327,309,350,
0,0,0,0,3,0,0,0,0,0,2,0,0,3,0,0,875,756,779,726,649,684,617,698,763,785,743,741,720,575,630,525,703,711,654,661,447,454,262,345,545,573,370,454,713,612,617,643,198,259,194,227,577,625,308,407,211,259,85,179,414,327,309,350,
0,0,0,2,0,1,1,0,0,0,0,0,0,0,1,0,874,756,779,727,648,683,618,696,763,784,742,740,719,574,629,526,703,711,654,662,447,453,262,345,546,572,371,454,711,611,616,644,198,261,194,228,577,626,308,408,210,257,84,179,415,327,309,350,
0,0,0,0,0,1,0,0,0,0,2,0,0,1,0,0,873,756,779,727,649,683,617,697,764,784,742,741,719,574,630,525,702,710,654,661,447,454,263,345,546,573,371,454,713,612,617,643,198,260,195,228,577,626,308,407,212,258,85,179,415,327,308,350,
0,0,0,1,0,0,0,0,0,3,0,0,0,0,0,0,873,756,780,727,649,684,617,696,762,784,742,741,718,574,630,526,703,711,654,662,447,453,263,345,546,573,371,454,711,611,617,643,199,260,195,228,577,626,308,407,210,257,83,179,415,327,309,350,
0,0,0,0,0,1,0,0,0,0,2,0,0,2,0,0,874,755,779,727,649,683,618,697,765,785,741,741,719,574,631,526,702,711,654,661,447,453,263,345,546,573,371,454,712,612,618,644,197,260,194,227,577,626,309,407,211,258,84,179,414,327,309,350,
0,0,0,0,1,1,0,0,0,2,0,0,0,0,0,0,874,756,779,727,649,683,618,697,765,784,741,739,718,574,630,526,702,711,655,661,447,453,262,345,545,572,370,454,713,612,616,642,199,260,195,229,576,625,308,407,210,257,84,179,414,327,309,350,
0,0,0,0,1,3,0,0,0,0,1,0,0,0,0,0,873,756,778,727,648,684,617,697,765,784,742,741,719,574,630,526,702,711,654,661,448,454,263,345,546,572,370,454,713,612,617,644,198,260,194,228,577,626,308,407,210,258,83,180,415,327,309,350,
0,0,0,0,1,0,0,0,0,1,0,0,0,1,0,0,875,756,779,727,648,682,617,698,766,784,743,740,718,574,629,526,703,711,654,662,447,453,262,345,546,573,371,454,713,613,617,644,199,261,196,229,577,626,309,407,211,258,83,179,415,327,309,350,
1,0,0,0,1,1,0,0,0,0,0,0,0,0,1,0,872,754,778,726,648,683,617,697,764,785,742,740,719,574,629,526,704,711,655,662,447,454,264,346,545,572,371,454,712,612,617,643,199,260,194,228,577,626,308,407,211,257,83,179,415,328,309,350,
0,0,0,0,4,0,0,0,0,0,2,0,0,0,0,0,874,755,779,727,648,683,617,698,764,784,741,741,719,575,630,525,702,711,655,661,447,453,262,345,545,572,370,454,712,612,617,644,198,259,194,228,576,624,308,407,211,258,83,179,414,327,308,350,
0,0,0,1,0,0,0,0,0,0,0,0,0,0,3,0,873,755,778,726,647,683,617,696,764,783,742,741,719,574,629,526,703,710,655,662,447,453,262,345,545,572,371,454,711,611,617,643,197,259,194,228,577,626,308,407,210,257,83,179,414,327,309,350,
0,0,0,0,3,1,0,0,0,0,2,0,0,0,0,0,873,755,779,726,648,683,616,697,764,784,743,740,718,574,629,525,703,711,654,661,447,453,262,345,545,572,371,454,712,612,617,644,197,259,194,228,576,624,307,407,211,258,83,178,413,326,308,349,
0,0,0,3,2,2,0,0,0,0,0,0,0,0,2,0,874,755,778,725,648,682,616,696,764,784,742,740,718,574,630,525,703,711,654,661,447,453,262,345,545,572,371,454,711,611,616,643,198,260,194,227,576,625,308,407,210,257,83,178,414,327,309,350,
0,0,0,0,2,1,0,0,0,0,1,0,0,3,0,0,874,757,780,727,648,683,616,697,764,784,742,741,718,574,629,525,702,710,654,660,447,453,262,345,546,572,371,454,712,612,616,643,198,260,193,228,577,626,308,406,211,257,85,179,414,327,309,349,
0,0,0,0,1,1,0,0,0,1,0,0,1,0,0,0,873,755,779,727,649,683,617,698,764,784,740,740,717,573,628,525,702,711,654,661,447,452,262,345,545,572,370,453,712,611,615,643,198,260,195,228,576,626,307,406,210,257,83,179,414,327,308,350,
0,0,0,0,0,3,0,0,0,0,0,0,0,1,0,0,872,755,779,726,648,683,616,697,764,784,742,741,717,574,629,525,703,710,653,661,447,453,263,345,545,572,370,454,712,612,617,643,197,260,194,228,577,626,308,406,211,257,84,180,415,327,309,350,
0,0,0,0,3,0,0,0,0,1,0,0,1,0,0,1,873,755,779,727,648,683,617,699,763,784,741,739,717,573,629,525,703,711,655,662,447,453,262,345,546,573,371,454,714,611,617,643,199,260,196,228,576,625,308,407,210,257,83,179,414,327,309,350,
0,0,0,0,1,3,0,0,0,0,0,0,0,1,1,0,871,755,779,726,648,683,617,697,764,784,742,741,718,573,630,525,703,711,654,661,448,453,263,346,545,572,371,454,712,611,617,643,197,259,195,227,576,625,308,407,210,257,83,179,414,327,309,350,
0,0,0,0,4,1,0,0,0,0,0,0,0,0,0,1,874,756,779,727,648,683,618,697,764,784,742,739,718,574,629,526,704,712,656,663,449,455,264,347,547,574,372,455,714,613,619,646,198,260,195,229,576,624,308,407,211,257,83,179,414,327,309,350,
0,0,0,1,1,1,0,0,0,0,0,0,0,0,2,0,873,753,777,725,647,682,616,696,764,784,742,740,718,573,630,524,703,711,655,661,447,453,263,346,545,572,371,454,712,611,617,643,197,260,194,227,576,625,308,406,210,257,83,177,414,327,309,350,
0,0,0,0,2,0,0,0,0,0,0,0,0,3,0,0,874,755,779,726,648,683,616,698,765,784,743,740,719,573,630,525,703,711,654,661,447,453,261,344,545,572,370,454,713,612,617,644,198,260,194,228,576,625,308,406,211,257,84,178,414,326,308,349,
0,0,0,0,1,0,1,0,0,0,0,0,0,0,0,0,876,755,779,727,649,683,616,697,763,782,741,739,718,573,629,525,703,710,654,661,447,453,262,344,545,572,370,453,712,611,616,642,198,260,194,228,576,625,307,407,210,257,83,178,415,327,308,349,
0,0,0,0,0,3,0,0,0,0,0,0,0,3,0,0,874,755,779,727,649,683,616,697,765,783,742,740,719,574,630,525,702,710,653,661,447,453,262,345,546,571,371,454,712,612,617,644,198,260,194,227,577,626,308,406,211,258,84,180,414,327,308,350,
0,0,0,0,0,1,0,0,0,2,0,0,1,0,0,0,874,756,779,727,648,683,617,697,762,782,741,740,717,574,629,526,703,711,654,662,447,453,262,345,546,572,370,454,713,611,616,643,198,260,195,228,577,626,307,407,210,257,83,178,415,327,308,349,
0,0,0,0,0,3,0,0,0,0,0,0,0,1,0,0,873,755,779,726,648,683,617,697,764,783,742,740,718,574,630,525,702,709,654,661,447,453,263,345,545,572,371,454,712,611,617,644,198,259,194,228,577,626,308,407,210,258,84,179,415,327,308,350,
0,0,0,0,1,1,0,0,0,2,0,0,0,0,0,0,874,755,780,727,648,683,617,698,763,784,741,739,716,573,629,526,703,710,654,661,447,453,262,345,546,572,371,454,712,611,617,643,199,260,194,228,576,625,308,407,210,257,83,178,414,327,308,350,
0,0,0,0,1,2,0,0,0,0,0,0,0,0,1,0,874,755,778,726,648,683,617,697,764,784,742,740,718,574,629,525,703,710,654,661,447,453,263,345,545,572,371,454,713,611,617,644,197,260,194,228,576,626,308,407,210,257,84,180,414,328,309,351,
0,1,0,0,1,1,0,0,0,0,0,0,0,0,0,1,873,755,779,727,648,684,617,697,764,786,742,741,718,574,628,525,702,710,655,661,447,453,262,345,545,572,371,454,713,611,619,643,198,260,195,229,576,625,308,407,211,257,83,178,414,327,309,350,
0,0,0,0,0,0,0,0,0,0,0,0,0,0,2,0,875,755,780,726,648,682,615,697,764,782,743,740,718,573,629,525,703,712,654,662,448,453,263,346,545,572,371,454,712,612,616,643,198,260,193,227,576,625,308,407,210,257,84,178,414,327,309,350,
0,0,0,0,2,0,0,0,0,0,2,0,0,3,0,0,875,756,779,726,649,683,617,698,765,784,742,741,719,574,630,525,703,709,653,661,447,453,262,345,546,573,370,454,713,611,617,644,198,259,194,228,576,625,308,407,211,258,85,179,414,327,308,350,
0,0,0,2,0,0,2,0,0,1,0,0,0,0,1,0,875,755,778,726,648,682,616,696,763,784,742,740,718,573,629,525,703,711,654,661,447,453,262,345,545,572,371,454,712,611,616,643,198,259,194,228,577,626,307,407,210,257,84,179,414,326,308,349,
0,0,0,0,0,0,0,0,0,0,2,0,0,1,0,0,874,755,779,727,648,683,617,697,763,784,742,741,718,574,630,525,704,711,655,662,449,455,264,347,547,574,372,455,714,613,619,645,197,259,194,228,577,625,309,407,212,258,86,179,414,327,308,350,
0,0,0,1,0,1,0,0,0,1,0,0,0,0,1,0,874,755,781,727,648,682,616,696,762,783,742,740,718,574,630,525,703,710,654,662,447,453,263,345,546,573,371,454,710,611,616,643,197,259,194,228,576,625,308,407,210,257,83,179,414,327,308,350,
0,0,0,0,1,1,0,0,0,0,1,0,0,2,0,0,874,755,779,727,648,683,617,697,765,785,741,741,718,573,631,525,701,710,654,661,447,453,262,345,545,572,371,454,712,612,618,644,197,259,194,227,576,625,308,407,210,257,84,179,414,327,309,350,
0,0,0,0,1,0,0,0,0,2,0,0,0,0,0,1,874,756,779,727,648,683,617,696,764,783,741,739,718,573,629,525,702,710,655,661,447,453,262,345,545,572,370,454,713,612,616,643,199,260,194,228,576,625,308,406,210,257,83,179,414,327,309,350,
0,0,0,0,1,2,0,0,0,0,0,0,0,0,1,0,873,754,778,727,648,682,616,697,764,785,743,741,718,574,630,525,702,710,654,660,447,453,263,346,545,572,371,454,712,612,617,644,198,260,194,228,576,625,308,406,210,258,82,180,414,327,309,350,
0,0,0,0,1,0,0,0,0,0,0,0,0,0,0,0,874,755,778,726,648,683,616,696,764,783,741,740,717,572,628,525,703,711,655,661,447,453,262,345,546,572,370,454,712,612,617,644,198,260,195,228,576,625,308,407,210,258,83,178,415,327,308,350,
0,0,0,0,1,0,0,0,0,0,0,0,0,1,0,0,872,754,778,726,647,682,617,698,764,783,742,741,719,573,630,525,703,711,655,661,447,453,264,345,545,572,371,454,712,611,617,643,198,259,193,228,577,625,308,407,210,257,83,178,415,328,309,350,
0,0,0,0,3,0,0,0,0,0,2,0,0,0,0,0,874,755,778,726,648,683,617,697,765,784,741,741,718,574,629,526,703,710,654,661,447,453,262,345,545,572,371,454,713,611,617,644,198,260,194,228,576,624,308,407,210,258,83,179,415,327,308,350,
0,0,0,0,1,0,0,0,0,0,0,0,0,0,2,0,873,754,777,725,647,682,616,696,764,784,742,741,718,574,629,525,703,710,654,662,447,453,263,346,544,572,371,454,712,611,616,644,196,258,194,227,576,625,307,407,210,257,83,179,414,327,309,350,
0,0,0,0,3,1,0,0,0,0,2,0,0,1,0,0,873,755,780,727,648,683,616,696,764,784,742,740,719,574,629,525,702,710,654,661,447,453,262,344,545,572,370,454,712,612,617,644,197,259,194,227,576,626,307,407,211,258,84,178,413,326,308,350,
0,0,0,1,1,1,0,0,0,1,0,0,0,0,1,0,873,754,778,725,647,681,615,694,764,783,741,740,717,573,629,524,703,711,654,661,447,453,262,345,546,572,371,454,710,611,616,643,197,259,194,226,576,625,307,406,209,256,82,177,414,326,308,349,
0,0,1,0,2,1,0,0,0,0,0,0,0,2,0,0,874,756,778,727,648,683,617,697,764,783,742,741,719,573,630,525,702,710,653,660,447,453,262,345,545,572,370,453,712,611,616,643,197,260,193,227,576,625,308,406,210,257,84,179,414,327,308,349,
0,0,0,0,1,1,0,0,0,0,0,0,1,0,0,0,874,755,780,727,648,683,618,698,763,782,741,740,718,573,629,526,703,711,654,661,447,453,262,345,545,573,371,454,712,612,616,643,198,260,195,229,576,626,307,406,210,257,82,179,414,327,308,349,
0,0,0,0,0,3,0,0,0,0,0,0,0,0,0,0,872,753,779,727,648,683,616,697,765,784,741,740,719,573,630,525,703,710,653,661,447,453,263,345,545,572,371,453,712,612,616,644,197,259,194,227,577,626,308,407,211,257,83,180,415,327,309,350,
0,0,0,0,2,0,0,0,0,0,0,0,0,0,0,0,873,756,779,727,648,683,617,698,764,786,742,740,717,573,630,525,703,711,654,661,447,453,262,345,545,572,370,454,713,612,617,644,199,260,195,228,576,625,307,407,210,257,83,179,414,327,308,350,
0,0,0,0,1,3,0,0,0,0,0,0,0,1,0,0,871,755,778,726,648,683,617,697,763,783,741,741,718,573,629,525,703,710,653,661,447,453,263,345,545,572,370,454,712,612,617,644,197,259,194,227,576,625,308,407,209,257,83,179,414,328,310,350,
0,0,0,0,4,1,0,0,0,0,0,0,0,0,0,2,873,755,779,726,648,683,618,698,764,784,742,741,717,574,629,526,702,711,654,662,447,453,262,345,545,572,370,454,712,611,616,645,198,259,194,228,576,624,308,407,211,259,83,179,414,327,309,350,
0,0,0,2,1,1,0,0,0,0,0,0,0,0,2,0,873,755,778,725,648,683,616,696,764,784,742,741,718,573,630,525,702,710,655,661,447,453,263,345,545,572,371,454,712,612,617,643,197,260,194,227,576,626,308,407,210,257,83,178,414,327,309,350,
0,0,0,0,1,1,0,0,0,0,1,0,0,2,0,0,873,756,780,726,648,683,616,697,765,785,741,741,718,574,629,525,702,711,653,661,447,453,262,345,545,572,370,453,712,612,616,644,198,260,193,227,577,626,308,407,210,258,85,179,414,327,309,350,
0,0,0,0,1,0,1,0,0,1,0,0,0,0,0,0,875,756,779,727,648,682,616,697,764,782,740,740,719,574,629,526,702,710,654,661,447,453,262,344,545,573,370,454,712,611,616,643,198,260,195,227,576,625,307,407,210,257,82,178,414,327,308,350,
0,0,0,0,0,2,0,0,0,0,1,0,0,2,0,0,873,755,779,727,648,683,617,697,765,784,742,740,719,574,630,525,702,709,653,661,447,453,262,345,545,573,370,454,712,612,616,644,197,259,193,227,576,626,308,407,210,258,85,179,414,327,308,350,
0,0,0,0,0,0,0,0,0,1,0,0,1,0,1,0,874,755,778,728,649,684,617,697,763,783,741,740,717,573,630,526,703,710,654,661,447,453,263,345,546,572,370,454,712,611,616,644,198,259,195,227,576,625,307,407,210,257,83,178,414,327,308,349,
0,0,0,0,0,3,0,0,0,0,0,0,0,1,0,0,874,755,779,727,648,683,617,698,764,784,742,740,717,574,630,525,701,709,654,661,447,453,262,345,545,571,371,454,713,611,617,644,198,259,194,228,577,626,308,407,209,258,83,179,414,327,309,350,
0,0,0,0,1,1,0,0,0,1,0,0,0,0,0,1,874,755,780,727,648,683,618,698,765,785,740,739,717,574,629,526,702,711,654,661,447,453,262,345,546,572,371,454,712,613,617,643,199,261,194,229,576,625,308,408,211,258,84,179,414,327,309,350,
0,0,0,0,1,1,0,0,0,0,0,0,0,0,1,0,873,756,778,726,648,683,617,698,764,785,743,740,719,574,630,525,703,710,654,662,448,453,263,345,545,573,371,454,712,612,617,644,197,260,194,228,577,626,308,407,210,258,84,180,414,328,309,351,
0,1,0,0,1,1,0,0,0,0,0,0,0,1,0,0,874,755,779,726,648,683,616,697,764,785,742,740,718,574,630,525,703,711,655,661,447,453,262,345,546,573,370,453,713,611,618,644,197,260,194,228,576,626,309,407,212,258,83,178,414,327,309,350,
1,0,0,0,1,0,0,0,0,0,0,0,0,0,2,0,873,754,778,726,648,683,616,697,764,784,742,740,719,574,630,525,702,711,655,662,447,453,262,346,546,572,371,454,712,612,616,644,198,260,193,228,577,626,308,407,210,257,84,178,415,327,309,350,
0,0,0,0,2,1,0,0,0,1,2,0,0,3,0,0,875,756,779,726,649,684,617,698,764,785,742,740,720,574,631,526,703,710,654,662,448,453,263,346,546,572,371,454,713,612,617,644,198,259,194,227,577,626,308,407,211,259,85,178,415,327,308,350,
0,0,0,1,0,1,2,0,0,0,0,0,0,0,0,0,874,756,780,727,647,682,618,698,762,784,742,740,719,574,630,526,702,710,654,661,447,453,263,345,546,573,371,454,712,610,616,644,197,259,193,227,576,625,306,406,209,256,83,178,414,326,308,349,
0,0,0,0,2,0,0,0,0,0,2,0,0,1,0,0,874,755,779,727,648,683,617,697,763,785,742,741,718,574,629,525,702,709,654,661,447,453,262,345,545,573,370,453,712,612,617,643,196,259,194,228,576,625,308,406,211,258,86,178,414,326,308,349,
0,0,0,1,0,1,0,0,0,2,0,0,0,0,0,0,873,755,779,727,648,682,616,695,761,783,741,740,718,573,629,525,702,710,654,661,447,452,262,344,545,572,370,453,710,610,616,643,198,261,194,227,577,625,307,406,209,257,83,178,414,326,308,349,
0,0,0,0,1,1,0,0,0,0,1,0,0,2,0,0,873,756,779,727,648,682,617,697,764,784,742,739,718,574,631,526,701,710,653,661,447,453,262,345,545,572,370,454,712,612,616,644,198,259,194,227,577,625,308,407,210,258,84,179,414,327,308,350,
0,0,0,0,1,0,0,0,0,2,0,0,0,0,0,1,875,755,779,727,648,683,617,697,764,785,742,739,718,573,629,525,703,710,654,661,447,453,262,345,545,573,370,454,713,611,616,643,199,260,195,228,576,626,308,407,210,258,83,179,414,327,309,350,
0,0,0,0,0,3,0,0,0,0,0,0,0,0,0,0,873,754,778,726,648,684,617,697,764,783,742,740,719,574,630,525,702,711,655,661,447,453,263,346,545,572,371,454,712,612,617,644,197,259,194,227,576,626,307,406,210,258,82,180,414,327,309,350,
0,0,0,0,1,0,0,0,0,0,0,0,0,0,0,0,875,755,779,727,649,683,617,697,765,784,742,740,718,573,629,526,703,711,654,661,447,453,262,345,546,572,370,454,712,613,616,644,198,260,195,229,577,625,308,407,210,258,83,178,414,327,308,350,
0,0,0,0,0,1,0,0,0,0,0,0,0,0,0,0,872,754,779,726,648,683,617,697,765,784,741,740,719,573,629,525,703,710,654,662,447,453,263,345,545,572,371,454,712,611,617,644,198,259,193,227,576,625,308,406,210,257,83,178,414,327,309,350,
0,0,0,0,3,0,0,0,0,0,1,0,0,0,0,0,873,756,779,727,648,683,617,698,765,783,741,740,719,574,629,525,702,710,654,661,447,453,262,345,545,572,370,454,713,612,617,644,198,259,194,228,577,625,309,407,210,258,83,179,414,327,308,350,
0,0,0,1,2,0,0,0,0,0,0,0,0,0,1,0,872,754,778,726,647,683,616,696,763,784,742,741,718,573,629,525,702,711,654,662,447,453,262,346,544,572,370,454,711,611,616,644,197,259,194,228,576,625,308,407,210,257,83,179,414,327,309,350,
0,0,0,0,4,1,0,0,0,0,2,0,0,1,0,0,874,756,779,727,648,684,617,697,764,784,742,740,719,573,629,525,702,710,654,661,447,453,262,344,545,573,371,454,712,611,616,644,197,259,194,228,576,625,308,407,211,258,83,179,415,327,308,350,
0,0,0,1,1,1,0,0,0,0,0,0,0,0,2,0,873,755,778,725,648,682,616,696,764,783,741,739,719,574,630,525,702,711,655,662,447,453,263,345,544,572,371,453,712,612,616,644,197,259,194,227,576,625,308,407,210,257,83,179,414,327,309,351,
0,0,0,0,1,1,0,0,0,0,0,0,0,1,0,0,873,756,779,726,648,683,617,697,764,785,742,741,718,574,630,525,703,711,654,661,447,453,262,345,546,573,371,454,713,611,618,644,197,260,194,228,576,625,309,406,212,258,83,178,414,327,309,349,
0,0,0,0,1,0,0,0,0,0,0,0,0,0,2,0,873,754,778,727,647,682,616,696,764,784,742,740,718,574,630,525,702,711,654,661,447,453,262,346,545,572,371,454,712,612,616,643,198,259,193,227,576,626,308,406,210,257,83,178,414,327,309,350,
0,0,0,0,2,1,0,0,0,0,2,0,0,3,0,0,874,755,779,727,648,683,617,697,765,784,742,740,719,574,630,525,702,710,654,661,447,453,262,345,546,573,370,453,712,612,618,644,198,259,193,227,576,626,308,407,211,259,85,178,414,327,308,350,
0,0,0,1,0,0,1,0,0,0,0,0,0,1,0,0,874,755,779,726,647,682,616,697,764,783,741,740,719,573,629,525,702,711,654,661,447,453,262,345,545,572,371,453,712,610,617,643,198,259,194,228,577,625,307,407,210,258,83,178,414,327,309,350,
0,0,0,0,1,1,0,0,0,0,2,0,0,1,0,0,874,755,779,727,648,683,618,697,763,784,742,741,719,573,629,526,702,709,653,661,447,453,262,345,546,572,371,454,712,612,617,644,196,259,194,228,577,625,308,407,211,258,85,179,414,326,308,350,
0,0,0,1,0,0,0,0,0,1,0,0,0,0,1,0,875,755,779,726,647,683,616,696,762,783,742,740,718,574,629,525,701,710,654,662,447,453,263,346,545,573,370,454,711,611,616,644,197,259,194,228,577,626,308,407,210,258,83,179,415,327,308,350,
0,0,0,0,2,1,0,0,0,0,0,0,0,0,0,0,873,756,779,727,649,683,617,697,765,784,743,741,718,574,629,525,702,711,654,661,447,453,262,345,545,573,370,454,712,612,617,644,197,259,194,228,576,625,308,407,211,258,84,179,414,327,308,350,
0,0,0,1,1,1,0,0,0,1,0,0,0,0,1,0,873,755,779,727,648,682,616,696,764,784,742,740,718,574,630,525,702,710,655,661,447,453,262,345,545,573,371,453,711,612,617,643,197,259,194,227,576,625,308,406,210,258,83,178,414,327,309,350,
0,0,0,0,1,1,0,0,0,0,1,0,0,2,0,0,873,756,779,727,648,683,617,697,764,784,742,740,718,574,629,525,702,710,654,661,447,453,261,345,545,572,370,454,712,612,616,644,197,259,192,228,576,624,308,406,212,258,84,178,413,327,308,349,
0,0,0,0,1,0,1,0,0,1,0,0,0,0,1,0,874,755,779,726,647,682,616,696,764,783,740,740,718,573,629,525,702,710,654,661,447,453,262,345,545,572,370,454,711,611,616,642,197,259,194,227,576,625,307,406,210,258,82,178,414,327,308,349,
0,0,0,0,0,2,0,0,0,0,1,0,0,3,0,0,874,755,779,726,648,683,616,698,763,783,742,740,719,573,629,525,702,710,653,660,447,453,262,345,545,572,370,454,711,612,617,644,197,260,194,227,576,626,307,407,210,258,84,179,414,327,308,349,
0,0,0,0,1,0,0,0,0,1,0,0,0,0,0,1,873,755,779,727,648,683,617,698,763,785,741,740,717,573,629,526,702,711,654,661,447,453,262,345,546,572,370,454,713,611,616,643,199,260,195,228,576,625,307,407,210,257,83,178,415,327,308,350,
595,589,505,571,590,646,435,456,541,591,366,449,698,575,596,608,190,251,185,222,546,582,267,393,235,307,94,198,412,327,303,349,
0,0,0,0,0,0,2,0,0,0,0,0,0,0,0,0,756,548,571,559,772,831,825,794,649,641,548,607,830,711,744,690,596,589,505,572,590,647,436,457,542,591,367,449,696,574,595,607,190,251,185,222,546,582,266,393,235,306,93,199,413,327,304,349,
0,0,0,0,1,1,0,0,0,0,2,0,0,1,0,0,756,547,571,558,773,834,826,796,650,642,548,608,832,711,744,690,595,589,505,572,589,646,436,457,542,591,366,449,698,574,595,608,189,251,185,222,546,582,266,393,236,307,94,199,412,327,304,350,
0,0,0,2,0,1,0,0,0,2,0,0,0,0,0,0,756,548,571,559,771,834,824,794,649,642,547,607,830,711,744,689,596,589,505,572,590,646,436,457,542,592,366,450,696,574,595,607,189,251,185,222,545,581,266,394,234,306,93,199,412,327,304,350,
0,0,0,0,1,2,0,0,0,0,0,0,0,2,0,0,756,548,570,559,772,835,827,796,650,642,547,607,831,712,744,691,595,589,505,571,589,646,436,457,541,591,366,450,697,574,596,607,189,251,185,221,545,581,266,393,234,306,93,199,412,327,304,349,
0,0,0,0,2,0,0,0,0,2,0,0,0,0,0,1,756,548,570,559,772,837,827,797,651,642,547,607,830,711,742,691,596,589,505,572,590,647,435,457,541,591,366,449,698,575,596,607,191,252,186,223,545,582,266,393,234,306,93,200,412,328,304,350,
0,0,0,0,1,3,0,0,0,0,0,0,0,0,0,0,756,548,570,559,773,834,827,795,650,642,548,607,831,712,744,690,596,589,505,571,589,646,436,457,542,591,366,449,698,574,596,608,190,251,185,222,546,582,266,393,235,307,92,200,413,327,304,349,
0,0,0,0,1,0,0,0,0,0,0,0,1,0,0,0,756,548,571,559,773,835,826,796,651,642,548,607,830,710,742,691,596,589,505,571,590,647,436,457,542,591,366,449,697,575,596,608,190,252,186,223,545,582,266,393,235,306,92,199,412,328,304,349,
0,0,0,0,1,4,0,0,0,0,0,0,0,0,0,0,755,547,570,558,772,834,826,795,651,642,548,608,831,712,744,690,596,588,505,572,590,646,436,457,541,591,366,449,698,574,595,607,190,251,185,222,546,582,266,393,235,306,92,200,412,327,304,350,
0,0,0,0,3,0,0,0,0,0,0,0,0,1,0,1,756,548,570,559,773,835,826,797,651,643,548,607,829,711,743,690,596,589,505,572,590,647,436,457,541,591,366,450,699,575,596,608,190,251,186,222,545,581,267,394,235,306,93,199,412,327,304,349,
0,0,0,0,0,0,0,0,0,0,0,0,0,0,1,0,755,548,571,558,771,834,826,795,649,642,548,607,831,711,744,690,596,589,505,571,590,646,436,457,541,591,367,450,696,574,596,608,189,251,185,222,546,582,266,393,235,306,93,199,413,328,304,349,
0,0,0,0,3,1,0,0,0,0,2,0,0,1,0,0,756,548,571,559,773,834,827,795,651,643,548,607,831,712,746,691,596,589,505,572,590,647,436,457,542,591,366,449,697,575,596,609,190,251,185,222,545,581,266,394,235,307,93,199,412,327,304,350,
0,0,0,1,1,2,0,0,0,1,0,0,0,0,1,0,758,550,572,560,773,835,828,798,652,644,549,609,832,712,746,693,596,590,505,572,590,647,436,457,542,592,367,450,696,574,595,607,190,251,185,221,545,582,266,393,234,306,92,198,412,327,304,349,
0,0,0,0,1,1,0,0,0,0,0,0,0,3,0,0,755,548,570,559,772,835,826,796,651,642,547,607,830,713,743,691,596,589,505,571,589,646,435,456,541,591,366,449,697,575,595,607,190,252,184,222,545,582,266,393,235,306,95,199,412,328,304,349,
0,0,0,0,1,0,1,0,0,0,0,0,0,0,0,0,758,548,571,559,773,833,825,796,650,641,548,608,830,711,744,692,596,589,505,571,590,646,435,457,541,591,366,449,697,574,594,606,190,251,185,222,546,582,266,393,235,306,92,199,412,328,304,349,
0,0,0,0,0,2,0,0,0,0,0,0,0,4,1,0,757,548,570,559,773,834,826,796,650,642,547,607,832,711,744,690,596,588,505,571,590,647,435,457,542,591,366,449,698,575,596,607,189,251,184,221,545,582,265,393,235,307,94,199,412,327,303,348,
0,0,0,0,1,2,0,0,0,2,0,0,1,1,0,0,756,548,571,559,772,835,825,795,650,641,547,607,828,712,743,691,597,589,505,572,590,647,435,457,542,592,366,450,697,573,594,607,191,252,187,222,545,582,266,393,235,306,92,199,413,327,303,349,
0,0,0,0,0,3,0,0,0,0,0,1,0,1,0,0,754,548,571,559,773,834,826,796,651,642,548,607,830,712,744,690,597,589,506,571,589,646,436,457,541,591,367,449,698,575,595,608,188,251,185,221,545,581,266,393,234,306,92,199,412,327,303,349,
0,0,0,0,4,1,0,0,0,0,1,0,0,1,0,1,757,548,571,559,773,834,827,796,650,643,548,607,832,711,743,692,596,589,505,571,589,646,435,457,541,591,366,450,698,574,596,607,190,252,185,223,545,581,266,393,235,306,93,199,412,327,304,349,
0,0,0,0,1,1,0,0,0,0,0,0,0,0,2,0,755,547,570,558,771,833,824,795,650,642,547,607,829,711,744,689,596,589,505,572,590,647,436,457,541,592,367,449,696,574,596,607,188,251,185,220,544,581,265,393,234,306,92,199,412,327,304,349,
0,0,0,0,2,1,0,0,0,0,0,0,0,1,0,0,755,548,571,558,772,834,826,797,650,642,547,607,831,711,743,690,595,589,505,572,589,646,435,457,541,592,366,450,698,574,597,607,189,252,185,222,545,581,267,393,236,307,92,198,412,327,304,349,
0,0,0,0,1,0,0,0,0,0,0,0,0,0,2,0,755,548,570,559,772,833,824,795,650,642,547,607,830,712,744,688,597,590,505,572,590,647,436,458,541,591,367,450,697,574,595,607,189,251,184,221,544,581,265,393,234,306,92,199,412,327,304,349,
0,0,0,0,2,0,0,0,0,0,0,0,0,1,0,0,757,548,570,559,773,834,826,796,651,643,548,607,833,711,746,690,596,589,505,572,590,647,435,457,542,592,366,449,698,575,596,608,190,251,186,223,546,581,267,393,235,307,94,199,412,327,304,349,
0,0,0,1,0,0,1,0,0,0,0,0,0,0,1,0,756,548,570,559,771,833,826,795,650,642,547,607,831,712,744,690,597,589,505,572,590,647,436,457,542,592,367,450,696,573,595,608,189,251,185,221,545,581,266,393,234,306,93,199,412,327,304,349,
0,0,0,0,1,1,0,0,0,0,1,0,0,1,0,0,756,548,571,558,773,834,826,797,650,643,548,607,831,711,744,690,596,588,505,572,589,646,435,457,542,592,366,449,698,574,596,608,189,251,185,222,546,582,266,393,236,307,94,199,412,327,304,349,
0,0,0,0,1,1,0,0,0,2,0,0,0,1,0,1,756,548,571,559,773,834,828,797,651,643,547,606,829,711,743,691,596,589,505,571,589,646,435,456,542,591,366,449,697,575,596,607,190,252,185,222,544,581,266,393,234,306,93,199,412,327,303,349,
0,0,0,0,1,1,0,0,0,0,0,0,0,1,1,0,755,548,571,559,772,834,827,796,651,642,547,607,830,713,744,691,596,589,505,571,589,646,436,457,541,591,366,449,697,574,595,608,189,251,185,221,546,582,266,393,234,306,94,200,412,328,304,349,
0,0,0,0,2,1,0,0,0,0,0,0,0,0,0,2,756,548,571,559,773,835,827,796,651,642,547,607,831,710,742,691,596,589,505,571,590,646,436,456,542,591,366,449,698,574,596,607,191,252,187,223,545,582,266,393,235,306,93,199,412,328,304,349,
0,0,0,0,0,3,0,0,0,0,0,0,0,1,1,0,755,548,570,558,773,834,826,795,651,643,547,608,831,711,745,691,596,589,505,572,590,646,436,457,541,591,367,449,698,575,596,608,190,252,185,222,545,582,266,393,235,307,91,201,413,328,304,350,
0,0,0,0,3,0,0,0,0,1,0,0,0,0,0,0,757,549,571,560,774,835,827,796,652,643,548,608,831,710,743,691,597,589,505,572,590,646,436,457,542,592,366,450,697,575,596,608,190,253,187,223,545,582,267,393,235,307,92,200,413,328,304,350,
1,0,0,0,1,1,0,0,0,0,0,0,0,0,1,0,755,548,571,559,772,834,826,796,650,643,548,608,831,712,745,691,597,590,505,572,590,646,436,457,542,591,367,450,698,575,595,608,190,251,185,223,546,582,267,394,235,307,93,199,413,328,305,350,
0,0,0,0,4,0,0,0,0,0,1,0,0,1,0,0,757,549,571,559,773,834,827,797,651,643,548,608,831,712,744,691,596,589,505,572,590,647,436,457,542,591,367,450,697,575,596,608,189,251,185,222,546,582,267,394,236,307,95,200,413,327,304,350,
0,0,0,1,1,1,0,0,0,1,0,0,0,0,0,0,756,549,572,559,774,833,825,795,649,643,548,607,830,712,744,691,596,589,506,572,590,646,436,457,542,591,367,450,697,574,596,608,190,251,186,222,546,583,267,394,235,307,92,200,413,328,304,350,
0,0,0,0,1,0,0,0,0,0,1,0,0,2,0,0,756,549,571,559,773,835,827,796,651,643,548,608,831,712,746,691,596,590,505,572,590,646,436,457,542,592,367,450,697,575,597,608,189,252,186,221,546,582,267,394,235,307,93,199,412,328,304,350,
0,0,0,1,1,0,0,0,0,3,0,0,0,0,0,0,757,549,571,559,773,834,825,795,651,643,548,608,831,713,744,691,596,589,505,572,590,646,436,457,542,592,366,450,697,575,596,607,191,252,186,223,545,582,267,393,235,307,93,199,413,328,304,349,
0,0,0,0,2,1,0,0,0,0,0,0,0,3,0,0,756,548,571,559,772,835,827,796,651,643,549,608,831,712,745,690,597,589,506,572,590,646,435,457,542,591,366,449,697,575,596,608,190,252,185,222,546,582,267,393,234,307,94,199,412,328,304,349,
0,0,0,0,0,0,1,0,0,0,0,0,0,0,0,0,757,548,571,559,773,834,829,797,651,642,548,608,830,712,744,691,597,590,506,572,590,646,436,457,542,592,367,450,697,574,595,607,190,251,185,222,545,582,265,393,235,306,91,199,412,328,303,349,
0,0,0,0,0,3,0,0,0,0,0,0,0,1,0,0,754,548,570,559,773,835,827,796,650,642,548,607,831,711,745,691,596,588,505,572,590,645,436,457,542,591,366,449,698,574,595,608,189,251,185,222,545,582,266,393,235,307,93,200,412,328,304,349,
0,0,0,0,2,0,0,0,0,2,0,0,0,1,0,1,755,548,570,559,772,835,826,797,650,643,547,608,828,711,744,690,597,589,505,572,590,646,435,457,542,591,366,449,699,574,596,607,191,252,187,222,545,581,266,393,235,306,92,199,412,328,304,349,
0,0,0,0,1,2,0,0,0,0,0,0,0,0,0,0,754,547,570,558,771,833,826,795,650,642,547,608,830,711,744,690,596,589,505,571,589,645,435,457,541,591,366,449,698,574,595,608,189,251,185,222,545,581,265,393,234,306,92,200,412,328,305,349,
0,0,0,0,4,1,0,0,0,0,0,0,0,0,0,1,756,548,570,558,772,834,828,796,651,642,548,607,829,711,743,691,596,589,505,571,590,646,435,456,541,592,366,450,698,575,596,608,190,250,186,223,545,581,266,393,235,306,93,199,412,327,304,349,
0,0,0,1,1,1,0,0,0,0,0,0,0,0,2,0,755,548,570,558,771,833,824,794,650,642,547,607,831,711,745,689,596,589,505,572,590,645,435,456,541,591,366,449,696,574,595,608,189,251,185,221,545,581,266,393,235,306,92,200,412,328,304,350,
0,0,0,0,1,1,0,0,0,0,0,0,0,1,0,0,756,548,570,558,773,835,826,795,651,643,547,607,830,711,744,690,596,589,505,571,589,646,435,457,541,591,366,449,698,575,596,608,189,251,185,222,545,582,267,393,236,307,93,198,412,328,304,350,
0,0,0,0,1,0,0,0,0,0,0,0,0,0,2,0,755,548,571,558,772,832,825,795,651,641,547,608,830,712,745,689,596,589,505,571,590,647,436,457,542,591,367,449,698,575,595,607,190,251,184,222,545,582,265,393,235,307,92,199,412,328,304,349,
0,0,0,0,0,1,0,0,0,0,1,0,0,3,0,0,756,548,571,559,773,834,826,796,651,642,548,607,831,712,744,691,596,589,505,572,590,646,435,457,542,592,366,450,698,575,596,608,189,251,185,221,545,582,265,393,235,307,94,199,412,327,303,348,
0,0,0,0,0,0,0,0,0,1,0,0,1,0,0,0,757,548,570,558,772,833,826,794,650,641,548,607,829,712,744,691,596,589,505,572,590,647,436,457,543,591,366,450,697,574,595,607,190,251,185,222,545,582,266,394,235,306,93,199,412,327,304,349,
0,0,0,0,1,4,0,0,0,0,0,0,0,1,0,0,755,548,570,558,772,834,826,796,651,642,548,607,831,711,745,691,596,589,505,572,589,646,436,457,541,591,366,450,698,574,596,608,190,251,185,222,546,582,266,393,234,306,92,199,412,328,303,349,
0,0,0,0,3,2,0,0,0,1,0,0,0,1,0,1,757,548,571,559,772,834,828,795,651,642,547,606,828,711,744,691,596,589,505,572,589,646,436,457,542,592,366,450,698,575,595,607,191,252,186,223,545,581,266,393,235,306,93,199,412,327,304,350,
0,0,0,0,1,1,0,0,0,0,0,0,0,0,1,0,755,548,570,558,773,835,826,796,650,643,548,608,830,712,744,690,596,589,506,571,589,646,436,456,541,591,366,449,698,575,595,607,189,251,185,221,545,581,266,393,234,306,93,200,412,328,303,349,
0,0,0,0,2,1,0,0,0,0,0,0,0,0,0,2,757,548,570,559,773,836,826,797,650,643,548,607,831,710,742,690,596,589,505,572,590,646,436,457,542,591,366,449,697,574,595,608,191,252,187,223,545,581,267,393,235,306,93,199,412,327,304,349,
0,0,0,0,0,4,0,0,0,0,0,0,0,0,1,0,755,548,570,559,772,834,826,796,650,643,547,608,830,712,744,690,596,590,505,572,590,646,436,457,542,591,367,450,698,575,595,608,190,251,185,222,546,581,266,393,235,307,91,200,412,327,304,350,
0,0,0,0,3,0,0,0,0,1,0,0,0,0,0,0,756,548,571,559,773,834,826,796,652,643,547,607,830,710,742,691,596,589,505,572,590,647,436,457,542,592,366,449,697,575,596,608,190,252,185,223,545,582,267,393,235,307,93,199,412,327,304,349,
0,0,0,0,0,0,1,0,0,0,0,0,0,0,1,0,756,548,571,559,771,833,826,795,650,642,547,607,831,711,744,691,597,589,506,572,590,646,435,457,541,591,367,449,697,574,595,608,190,251,185,222,546,582,266,393,234,307,92,199,413,328,304,350,
0,0,0,0,2,1,0,0,0,0,1,0,0,0,0,0,756,548,571,559,772,834,826,796,650,643,548,608,831,711,744,691,595,589,505,572,590,647,436,457,542,591,367,449,698,575,596,608,189,251,186,222,546,582,266,393,236,307,94,199,412,327,304,349,
0,0,0,2,1,1,0,0,0,2,0,0,0,0,0,0,756,548,571,559,773,833,825,794,649,642,547,606,829,711,744,689,596,589,506,572,590,646,436,456,542,592,366,449,696,574,596,608,191,251,185,222,544,581,266,393,234,306,92,199,412,327,303,349,
0,0,0,0,1,2,0,0,0,1,0,0,0,2,0,0,756,548,570,558,773,834,827,796,650,642,547,607,830,711,746,691,596,590,505,571,590,646,435,456,542,591,366,449,698,574,596,607,189,251,186,221,546,582,266,393,235,307,93,199,412,327,304,350,
0,0,0,0,1,1,1,0,0,3,0,0,0,0,0,0,755,548,571,558,773,833,824,794,650,642,547,606,830,711,743,690,596,589,505,572,590,646,435,456,542,591,367,449,698,574,595,607,191,252,185,222,545,582,266,393,234,307,92,199,412,328,304,349,
0,0,0,0,2,2,0,0,0,1,0,0,0,2,0,0,756,548,571,558,773,836,826,796,651,642,547,607,832,711,745,690,596,589,505,571,590,646,435,456,541,592,366,450,697,574,596,608,191,253,187,224,547,583,267,394,235,308,95,200,413,328,304,350,
0,0,0,0,1,1,0,0,0,1,0,0,1,0,0,0,755,547,570,558,774,834,828,796,650,642,547,607,830,710,744,691,596,589,505,571,590,646,435,457,542,592,366,449,698,574,595,607,190,252,187,223,545,582,266,393,235,307,92,199,413,327,304,349,
0,0,0,0,0,3,0,0,0,0,0,0,0,0,0,0,755,548,570,558,772,834,826,796,651,643,547,607,831,712,744,690,597,589,505,571,589,645,436,457,542,591,366,449,697,574,596,607,189,251,185,221,545,582,266,393,234,306,92,200,412,328,304,350,
0,0,0,0,3,1,0,0,0,0,1,0,0,0,0,0,756,547,571,558,772,835,827,795,650,642,547,607,831,712,744,691,596,589,505,572,590,646,435,457,541,591,366,449,698,574,596,608,190,251,186,222,545,580,267,393,235,307,93,199,412,327,304,349,
0,0,0,1,1,0,0,0,0,0,0,0,0,0,2,0,756,548,570,558,770,833,826,794,650,642,547,607,831,711,743,690,596,589,505,572,590,646,436,457,541,590,367,449,696,574,595,607,189,250,185,222,546,582,266,393,235,307,92,199,412,327,304,349,
0,0,0,0,3,1,0,0,0,0,2,0,0,1,0,0,756,548,571,558,772,834,827,797,650,642,547,607,831,711,743,691,595,589,505,572,590,646,435,457,542,591,366,450,697,575,596,608,189,251,186,222,545,581,266,393,236,307,93,199,412,327,304,349,
0,0,0,1,1,1,0,0,0,0,0,0,0,0,2,0,756,548,571,559,772,834,825,796,650,643,547,607,830,712,745,689,596,589,505,572,590,646,436,457,541,592,367,449,696,574,596,607,190,251,185,221,545,582,266,393,234,306,93,198,412,327,304,350,
0,0,0,0,2,1,0,0,0,0,0,0,0,2,0,0,756,548,571,559,772,835,826,796,651,642,548,607,831,712,743,690,596,589,505,571,590,647,436,456,542,592,366,449,698,574,595,608,189,252,184,222,545,582,267,393,236,307,93,198,412,327,304,349,
0,0,0,0,1,0,1,0,0,1,0,0,0,1,1,0,757,548,571,559,771,832,825,795,650,642,547,607,830,712,744,690,596,589,505,571,590,647,435,457,541,591,366,450,698,574,595,607,190,251,185,222,545,581,265,393,235,307,92,199,412,328,304,349,
0,0,0,0,0,3,0,0,0,0,0,0,0,3,0,0,756,548,571,559,773,834,826,796,651,643,548,608,831,712,745,690,596,588,505,572,590,646,435,456,542,591,366,450,698,575,596,608,189,251,185,222,545,582,265,393,235,308,94,199,412,328,303,349,
0,0,0,0,1,1,0,0,0,2,0,0,0,0,1,1,756,548,571,559,773,834,826,798,650,643,547,607,829,710,744,690,596,589,505,571,590,647,436,457,542,592,366,450,697,575,596,608,191,252,187,222,545,581,266,393,235,306,92,199,412,327,304,349,
0,0,0,0,1,4,0,0,0,0,0,0,0,1,1,0,755,548,571,558,773,835,827,797,650,643,548,608,830,711,744,690,596,589,505,572,589,645,435,457,541,591,366,449,696,574,595,608,189,251,185,221,545,581,266,393,234,307,92,200,413,328,305,350,
0,0,0,0,4,0,0,0,0,0,0,0,0,0,0,1,756,548,571,558,773,834,828,797,651,643,547,607,829,712,743,691,596,589,506,572,589,647,435,456,542,591,366,449,698,574,596,607,191,252,185,223,545,581,266,393,235,307,92,199,412,327,304,349,
0,0,0,0,0,2,0,0,0,0,0,0,0,0,1,0,756,548,570,558,773,834,826,796,650,642,547,607,830,711,744,690,596,589,505,572,589,646,436,457,541,592,366,449,697,574,596,608,191,253,186,223,547,583,268,395,236,308,93,200,414,329,305,351,
0,0,0,0,2,1,0,0,0,0,0,0,0,0,0,1,756,548,571,559,773,835,826,796,651,643,547,607,831,711,742,691,596,590,506,572,590,646,436,457,542,592,366,450,698,574,596,607,190,251,186,223,545,581,266,393,235,307,93,199,412,328,304,349,
0,0,0,0,1,2,0,0,0,0,0,0,0,0,2,0,755,547,570,559,772,833,825,796,651,642,548,608,830,712,744,689,596,590,505,572,590,646,436,456,542,591,367,449,697,575,595,607,190,251,184,222,545,582,266,393,234,307,92,199,412,327,304,349,
0,0,0,0,3,0,0,0,0,1,1,0,0,1,0,0,756,548,570,559,772,834,827,796,651,643,548,608,833,712,744,691,596,589,505,572,590,647,435,456,542,592,366,449,698,575,596,607,190,251,185,221,545,581,267,393,235,307,94,199,412,328,304,349,
0,0,0,1,0,1,0,0,0,1,0,0,0,1,0,0,757,548,571,559,773,835,826,794,650,642,548,608,829,711,744,690,596,589,505,572,590,646,435,457,542,591,367,450,697,574,594,608,190,251,185,222,546,582,265,393,235,306,92,199,412,327,304,349,
0,0,0,0,0,3,0,0,0,0,0,0,0,1,0,0,755,548,570,559,773,835,826,797,651,643,548,608,830,711,744,691,596,588,505,572,589,646,435,457,541,592,366,449,698,574,595,607,190,251,185,222,545,582,266,393,234,307,94,199,412,327,304,349,
0,0,0,0,1,1,0,0,0,2,0,0,0,0,0,0,756,548,571,559,773,835,825,795,649,642,548,607,828,711,744,690,596,589,505,571,590,646,436,457,541,592,366,450,697,574,596,607,191,252,185,222,545,582,266,394,234,306,93,199,412,327,304,349,
0,0,0,0,2,1,0,0,0,0,0,0,0,2,0,0,755,548,570,558,772,834,827,796,650,643,548,607,831,711,745,691,595,589,505,571,589,646,436,456,541,592,367,449,698,575,596,607,189,251,185,221,545,582,266,393,234,306,93,199,412,327,304,349,
0,0,0,0,1,1,0,0,0,2,0,0,0,0,0,1,757,548,571,559,773,836,827,797,650,643,548,607,831,711,743,690,596,589,505,572,590,646,435,456,542,591,366,450,697,574,595,607,191,252,186,222,546,581,266,393,234,307,93,199,412,328,304,349,
0,0,0,0,1,3,0,0,0,0,0,0,0,0,0,0,755,548,570,558,773,834,827,795,651,643,547,608,830,711,744,689,596,589,505,571,589,646,435,457,542,592,366,449,697,574,596,607,189,251,185,222,545,582,265,393,235,306,92,200,412,327,303,350,
0,0,0,0,2,0,0,0,0,0,0,0,0,0,0,0,755,548,571,558,774,835,826,796,652,643,547,607,829,710,743,690,596,589,505,572,589,647,435,457,542,591,366,449,697,575,596,608,190,252,186,224,545,581,266,392,234,307,92,199,412,327,303,349,
1,0,0,0,0,1,0,0,0,0,0,0,0,0,1,0,757,548,570,558,771,832,825,796,650,642,547,607,831,712,743,690,596,589,505,572,590,646,435,456,541,591,367,449,697,574,595,607,190,250,184,222,545,582,266,393,234,306,92,199,412,328,304,349,
0,0,0,0,3,0,0,0,0,0,2,0,0,1,0,0,756,548,571,559,772,835,826,796,651,642,547,608,830,713,744,691,596,589,505,571,589,647,435,456,542,592,366,449,697,574,596,608,189,251,185,222,545,581,266,393,236,307,95,199,412,327,304,349,
0,0,0,1,1,0,0,0,0,0,0,0,0,0,2,0,756,549,571,558,772,834,826,795,650,643,548,607,831,711,744,690,596,589,505,572,590,646,435,457,541,591,366,450,696,574,596,608,189,251,185,222,545,582,266,393,234,307,93,199,412,327,304,349,
0,0,0,0,2,1,0,0,0,0,2,0,0,0,0,0,756,548,571,558,772,834,826,795,651,642,548,607,831,711,744,690,596,590,505,572,589,646,436,456,542,591,366,449,697,574,596,608,189,251,186,222,545,582,266,394,235,308,93,199,412,327,304,349,
0,0,0,2,1,1,0,0,0,1,0,0,0,0,1,0,756,548,571,559,773,833,824,794,651,642,547,607,830,712,745,689,596,589,505,572,590,646,435,456,542,591,366,449,696,574,595,606,190,251,185,221,545,582,266,393,234,307,92,198,412,328,304,349,
0,0,1,0,2,1,0,0,0,0,0,0,0,2,0,0,755,548,570,558,772,835,826,796,651,642,547,607,831,712,744,690,596,590,505,572,590,646,435,457,542,592,366,449,697,575,596,607,189,252,185,222,545,582,266,393,234,307,94,199,412,328,304,349,
0,0,0,0,1,1,1,0,0,0,0,0,0,0,0,0,757,548,570,559,773,834,826,795,650,641,547,608,830,711,743,692,596,589,505,572,590,647,435,457,542,593,366,449,697,574,594,607,190,252,186,222,545,581,266,393,234,307,92,199,412,328,304,349,
0,0,0,0,0,3,0,0,0,0,0,0,0,0,0,0,755,548,571,559,772,834,826,796,651,642,547,607,831,712,744,690,596,589,505,572,589,645,436,457,542,591,366,449,698,574,595,608,189,251,185,222,545,582,266,393,235,307,92,200,412,327,304,350,
0,0,0,0,3,0,0,0,0,1,0,0,1,1,0,1,756,548,571,559,772,835,826,798,651,644,548,607,829,711,744,691,596,589,505,572,590,646,436,457,542,592,366,449,699,575,596,608,190,252,187,222,545,581,267,393,235,307,93,199,413,328,304,349,
0,0,0,0,1,2,0,0,0,0,0,0,0,0,1,0,755,548,570,558,772,834,826,795,651,642,548,607,831,711,745,691,596,589,505,571,589,645,435,457,541,591,366,449,697,574,595,608,189,251,185,222,546,581,266,393,234,307,92,199,413,328,304,349,
0,0,0,0,4,1,0,0,0,0,0,0,0,0,0,1,756,548,571,558,773,834,828,796,652,643,547,608,828,711,743,691,596,589,505,571,589,646,435,457,542,592,366,450,698,574,596,608,190,252,186,223,544,581,266,393,235,306,93,199,412,327,304,349,
0,0,0,0,1,1,0,0,0,0,0,0,0,0,2,0,755,548,570,559,772,834,825,795,651,643,548,608,831,711,745,690,596,589,505,571,589,645,435,456,541,591,366,449,697,574,595,607,189,251,185,222,545,581,266,393,234,307,93,200,412,328,304,350,
0,0,0,0,2,1,0,0,0,0,0,0,0,0,0,1,757,548,570,559,773,835,827,796,651,644,548,607,829,711,742,690,596,589,505,572,590,647,435,456,542,592,366,449,698,575,596,607,189,251,186,223,545,581,267,393,236,307,93,198,412,327,304,349,
0,0,0,0,1,0,0,0,0,0,0,0,0,0,2,0,756,548,571,559,772,833,825,796,651,642,548,607,831,713,744,689,595,589,505,572,589,646,435,456,541,591,366,449,697,574,595,607,190,252,185,222,545,581,266,393,235,306,92,199,412,328,304,349,
0,0,0,0,1,2,0,0,0,0,0,0,0,3,0,0,756,548,571,559,773,834,826,796,651,643,548,607,832,711,745,691,596,589,505,572,590,647,435,457,542,592,366,449,697,574,596,607,190,251,185,222,545,582,266,393,235,308,94,199,412,328,303,349,
0,0,0,0,0,0,0,0,0,1,0,0,1,0,1,0,756,548,571,559,772,836,825,794,650,641,547,607,830,711,744,691,595,588,504,571,589,646,435,456,542,591,366,449,697,574,595,607,190,252,187,222,546,581,265,393,235,306,92,199,412,327,304,349,
0,0,0,0,0,5,0,0,0,0,0,0,0,1,0,0,756,548,570,558,773,835,826,796,650,642,548,608,830,712,744,690,596,588,505,572,589,646,435,457,541,592,366,450,698,574,596,608,190,251,185,222,546,582,266,393,234,307,94,199,412,327,304,349,
0,0,0,0,1,0,0,0,0,2,0,0,0,1,0,1,756,548,571,559,773,834,826,794,650,642,548,607,829,711,743,691,595,589,505,571,589,646,435,456,541,591,366,449,697,575,595,607,191,252,186,222,545,582,266,393,234,307,92,199,412,327,304,350,
0,0,0,0,1,1,0,0,0,0,0,0,0,1,0,0,755,548,570,558,772,834,827,796,651,642,547,607,831,711,745,690,595,589,506,571,589,646,435,456,541,592,366,449,698,575,596,608,189,251,185,221,545,581,266,393,234,307,93,199,412,327,304,349,
192,249,188,220,540,560,251,382,213,267,85,182,454,388,374,384,
0,0,0,0,0,3,0,0,0,0,0,0,0,0,0,0,858,730,751,716,651,686,621,697,783,805,766,749,717,571,626,522,566,545,473,541,484,507,285,369,652,714,555,543,694,597,598,612,192,248,187,218,540,561,251,383,213,267,86,183,454,388,374,384,
0,0,0,0,2,0,0,0,0,0,0,0,0,1,0,1,859,732,752,716,652,686,621,698,783,805,765,748,716,570,625,522,566,545,473,542,484,508,284,369,653,715,555,543,696,597,599,612,193,249,188,218,539,560,251,383,214,268,86,182,455,388,373,385,
0,0,0,0,1,3,0,0,1,0,0,0,0,0,1,0,857,731,751,716,651,686,622,697,783,805,766,749,717,571,626,522,565,545,473,542,484,508,284,369,652,714,555,543,694,596,598,611,192,248,187,218,539,560,251,383,212,267,86,182,455,388,374,384,
0,0,0,0,4,0,0,0,0,0,0,0,0,0,0,1,859,731,751,717,652,686,622,697,782,805,765,747,716,571,625,522,566,545,473,542,484,507,284,369,653,716,555,544,695,596,598,611,193,249,187,220,539,560,251,383,213,268,86,182,454,388,374,385,
0,0,0,0,0,1,0,0,0,0,0,0,0,0,2,0,858,731,751,716,651,686,621,697,782,805,765,748,718,571,625,521,566,545,473,542,484,507,285,369,652,715,555,543,694,597,598,611,191,248,186,218,538,560,251,383,214,268,86,182,455,389,375,385,
0,0,0,0,2,0,0,0,0,0,0,0,0,0,0,0,859,731,751,717,652,686,622,697,782,806,765,747,717,570,625,522,566,545,473,541,484,508,284,369,653,716,555,543,695,597,599,612,193,248,188,220,539,561,251,382,213,267,86,181,454,388,374,385,
0,0,0,0,0,2,0,0,0,1,0,0,0,0,2,0,858,730,750,717,652,686,621,697,782,806,765,748,717,571,625,521,565,546,473,542,484,508,285,369,653,715,555,543,694,597,598,611,192,248,186,218,539,560,250,382,212,267,84,183,453,388,373,383,
0,0,0,0,3,0,0,0,0,1,0,0,0,1,0,0,860,731,751,717,652,686,622,696,783,805,765,748,717,570,625,522,565,545,473,542,484,508,284,369,653,715,555,543,694,597,598,612,192,249,188,219,539,560,251,382,213,268,85,182,454,388,374,384,
0,0,0,0,1,2,0,0,0,0,0,0,0,0,0,0,857,730,751,716,651,685,621,697,781,804,766,748,718,571,625,522,565,545,473,541,485,508,285,369,652,714,555,543,694,596,598,611,192,248,186,218,539,560,250,382,213,266,85,182,454,388,373,384,
0,0,0,0,3,0,0,0,0,0,0,0,0,0,0,0,859,732,752,716,652,686,621,698,783,806,766,747,716,570,626,522,566,545,473,542,484,507,284,369,653,715,555,543,696,597,599,611,192,249,188,219,539,560,251,383,213,267,85,182,454,388,373,384,
0,0,0,0,1,2,0,0,0,0,0,0,0,1,0,0,857,731,751,716,652,686,622,697,783,805,766,749,718,571,626,522,565,545,473,541,484,508,284,369,651,714,555,543,694,596,598,611,192,248,187,218,539,560,251,382,212,267,86,182,454,388,374,384,
0,0,0,0,3,0,0,0,0,0,0,0,0,1,0,1,860,731,752,717,651,686,623,697,783,805,764,747,716,571,625,522,565,545,473,541,484,508,284,369,652,715,555,543,694,596,598,611,193,249,188,220,539,560,251,382,213,267,86,181,454,387,373,384,
0,0,0,0,0,1,0,0,0,0,0,0,0,0,2,0,858,731,750,715,651,686,621,697,782,804,766,749,717,570,625,521,566,545,473,541,485,507,285,369,651,715,555,543,693,596,598,612,192,248,187,217,539,561,251,383,212,267,86,183,454,388,374,384,
0,0,0,0,2,0,0,0,0,0,1,0,0,0,0,0,859,732,752,717,652,686,622,697,782,806,766,749,718,570,624,522,566,545,473,541,484,508,284,368,653,715,555,543,694,597,599,612,191,248,187,219,538,560,251,382,214,267,86,180,454,387,373,384,
0,0,0,0,0,0,0,0,0,0,0,0,0,0,2,0,859,730,750,717,652,685,621,697,783,805,765,749,717,572,625,522,566,546,473,541,484,508,284,369,653,714,554,543,694,597,598,611,192,248,186,217,539,560,250,382,212,267,85,181,454,387,374,384,
0,0,0,0,3,0,0,0,0,0,1,0,0,0,0,0,861,731,751,716,651,686,622,697,782,806,765,748,718,572,624,522,566,545,472,541,484,508,284,369,653,715,555,544,694,597,598,611,192,248,187,219,539,560,252,383,214,268,87,181,454,388,373,384,
0,0,0,0,0,1,0,0,0,0,0,1,0,1,0,0,858,730,752,716,651,685,621,697,781,804,765,749,718,571,626,522,567,545,473,542,485,508,285,370,652,714,555,544,695,597,598,612,192,248,187,218,540,561,251,383,213,268,85,182,454,389,374,385,
0,0,0,0,3,0,0,0,0,0,2,0,0,1,0,0,860,731,752,717,651,686,623,697,783,806,765,750,718,572,626,523,566,545,473,542,484,508,285,369,653,715,555,543,695,597,599,611,192,248,187,219,540,560,252,383,214,269,87,182,455,388,374,384,
0,0,0,1,0,0,0,0,0,0,0,0,0,0,1,0,860,732,751,716,651,686,622,696,782,804,765,748,718,571,625,523,566,546,473,542,484,508,285,370,652,715,555,544,694,596,598,612,192,248,187,218,539,561,252,383,212,267,86,182,455,388,374,385,
0,0,0,0,0,1,0,0,0,0,2,0,0,1,0,0,859,732,753,717,652,687,622,697,783,805,767,749,717,572,626,522,565,545,474,541,484,508,284,369,653,716,555,543,694,597,599,611,191,249,188,218,539,562,252,383,215,268,87,182,455,388,374,385,
0,0,0,0,0,0,1,0,0,4,0,0,0,0,0,1,860,733,752,716,652,688,622,698,781,804,764,747,717,571,625,522,567,546,473,542,484,508,284,369,653,716,555,543,693,597,598,611,193,249,187,218,540,561,251,383,213,268,86,181,454,388,374,384,
0,0,1,0,0,1,0,0,0,0,1,0,0,3,0,0,859,732,752,717,652,687,622,698,784,805,765,749,717,572,626,522,566,545,474,542,484,508,284,369,653,715,555,543,695,597,599,611,192,249,187,219,540,561,251,383,213,268,88,183,455,388,374,385,
0,0,0,0,1,0,0,0,0,1,0,0,1,0,0,0,860,732,751,716,653,686,622,697,781,804,764,748,717,571,626,522,566,545,473,542,484,509,284,369,653,716,555,543,695,597,597,611,192,249,188,219,539,561,251,383,214,268,85,182,455,388,374,384,
0,0,0,0,0,3,0,0,0,0,0,0,0,0,0,0,859,731,751,716,651,687,622,697,783,804,766,748,718,572,626,523,566,545,473,541,484,508,285,369,653,715,555,544,694,597,598,611,192,249,187,218,540,562,251,383,214,268,86,184,455,388,374,385,
0,0,0,0,2,0,0,0,0,2,0,0,1,0,0,0,859,732,752,717,652,687,622,699,783,807,765,747,716,571,625,522,566,545,473,542,484,508,285,369,653,716,555,543,696,597,600,612,193,249,188,219,540,560,251,383,213,267,85,182,455,388,374,385,
0,0,0,0,1,3,0,0,0,0,0,1,0,1,0,0,857,732,752,716,652,686,622,698,783,805,766,749,718,571,627,522,566,545,473,542,484,508,285,369,652,715,555,543,694,597,598,611,192,248,187,219,540,561,251,383,213,268,86,182,455,388,374,385,
0,0,0,0,2,1,0,0,0,0,1,0,0,1,0,1,860,732,752,716,652,686,623,697,783,804,766,748,717,572,626,523,566,545,473,542,484,508,284,369,653,715,556,543,695,597,599,613,192,249,188,220,540,561,252,383,214,269,86,182,454,388,374,385,
0,0,0,2,1,1,0,0,0,1,1,0,0,1,1,0,859,733,751,717,652,686,622,696,782,804,764,748,718,572,626,522,567,545,473,542,485,508,284,370,654,715,555,543,693,597,598,611,192,249,187,218,540,561,252,383,213,268,86,181,454,388,375,385,
0,0,1,0,1,0,0,0,0,0,1,0,0,3,0,0,860,732,752,717,652,687,622,698,782,804,766,749,718,572,626,523,566,545,473,541,484,508,284,369,653,715,555,544,694,597,598,611,192,249,186,218,540,561,252,383,214,268,88,183,454,388,374,384,
0,0,0,0,0,0,1,0,0,0,0,0,0,2,0,0,861,731,752,716,651,686,622,698,782,804,764,748,718,571,626,523,566,546,474,542,485,508,284,369,653,715,555,544,694,596,597,611,193,249,187,219,539,561,251,383,213,268,86,182,455,388,374,384,
0,0,0,0,0,1,0,0,0,0,2,0,0,3,0,0,859,731,752,717,652,687,622,699,782,804,766,749,719,571,626,523,565,545,474,541,484,508,285,369,653,715,555,543,695,597,598,612,193,248,187,218,540,561,251,384,213,269,88,182,455,389,374,385,
0,0,0,1,0,0,0,0,0,0,0,0,0,1,0,0,859,731,751,716,651,686,621,696,780,802,765,748,716,571,625,522,566,545,473,542,484,508,284,369,653,715,555,544,693,596,597,611,192,249,187,218,539,561,251,383,213,267,85,181,454,388,374,384,
0,0,0,0,0,3,0,0,0,0,1,0,0,1,0,0,859,731,752,717,652,687,622,698,782,804,766,748,718,572,626,522,566,545,474,541,484,508,284,369,652,715,556,544,694,597,598,612,192,249,187,218,540,561,251,383,213,268,87,183,455,388,374,385,
0,0,0,0,1,0,0,0,0,3,0,0,0,1,0,1,859,732,753,717,652,687,623,698,781,805,765,747,717,572,626,523,566,545,473,542,485,508,284,369,653,716,555,544,695,598,599,612,193,249,188,219,540,561,252,383,213,267,86,182,455,388,374,384,
0,0,0,0,1,1,0,0,0,0,0,0,0,0,2,0,859,730,750,716,652,686,622,697,782,805,766,748,718,571,626,522,566,545,474,542,484,508,285,370,652,716,555,543,694,597,599,612,192,249,187,218,539,561,252,383,213,268,87,183,454,389,375,385,
0,0,0,0,2,1,0,0,0,0,0,0,0,0,0,0,860,732,751,718,653,688,622,697,782,805,765,747,718,571,625,523,566,545,473,542,485,508,284,369,652,716,556,543,694,597,599,612,192,249,188,219,539,561,253,383,214,269,86,181,454,389,374,384,
0,0,0,0,1,1,0,0,0,0,0,0,0,0,2,0,858,731,751,716,652,685,621,697,782,805,766,748,718,572,626,522,566,546,473,542,484,509,285,370,653,714,555,543,694,597,598,612,192,249,187,218,539,561,251,383,213,268,85,182,455,388,374,385,
0,0,0,0,3,0,0,0,0,1,1,0,0,0,0,0,860,732,752,717,652,686,622,697,785,806,765,748,717,571,625,523,566,546,473,542,485,508,284,369,653,715,555,544,694,597,599,612,193,249,187,219,539,561,252,383,213,268,87,182,455,388,374,385,
2,0,0,0,0,0,0,0,0,0,0,0,0,0,0,0,859,730,751,717,652,685,622,697,782,805,765,749,719,571,626,522,566,546,474,542,484,509,285,369,652,714,555,544,694,597,598,612,192,248,187,218,540,561,252,383,213,268,85,181,455,388,374,385,
0,0,0,0,3,0,0,0,0,0,2,0,0,1,0,0,860,731,752,717,652,686,622,697,783,805,765,749,719,572,626,522,566,545,473,542,484,508,284,369,653,715,555,544,694,597,598,612,192,248,187,219,540,561,252,383,214,269,87,182,455,388,374,385,
0,0,0,1,0,0,0,0,0,0,0,0,0,0,2,0,859,732,752,717,651,686,622,697,782,805,766,749,718,571,626,522,565,545,473,542,484,508,285,369,653,717,555,543,693,596,599,612,192,248,187,219,540,561,252,383,213,268,85,182,455,388,374,385,
0,0,0,0,1,1,0,0,0,1,0,0,0,2,0,0,860,731,752,716,652,686,622,698,782,805,765,748,717,571,626,523,565,545,473,542,484,508,284,369,653,715,555,543,694,597,599,611,192,249,188,218,540,561,252,383,214,269,87,182,455,388,374,385,
0,0,0,1,0,0,1,0,0,3,1,0,0,0,0,0,859,733,752,718,652,687,622,696,781,804,765,748,717,571,625,522,566,545,474,542,485,508,284,369,653,715,556,543,695,597,598,611,194,249,187,219,539,561,251,383,213,268,86,182,455,388,374,384,
0,0,0,0,1,1,0,0,0,0,0,0,0,2,0,0,859,730,751,717,651,686,622,697,782,805,766,748,718,571,626,522,565,545,474,541,484,508,284,369,652,715,555,544,695,597,598,611,192,248,187,218,540,561,251,383,213,268,88,183,454,388,374,384,
0,0,0,0,1,0,0,0,0,1,0,0,1,0,0,0,860,731,751,716,653,686,623,697,781,803,765,748,717,571,625,522,566,545,473,542,484,508,284,369,653,717,555,544,694,598,598,611,193,250,188,219,540,561,252,383,213,268,85,182,455,388,374,384,
0,0,0,0,0,3,0,0,0,0,0,0,0,0,0,0,858,730,752,716,652,686,622,697,783,805,765,748,717,571,626,522,566,545,473,542,484,508,285,370,653,715,555,543,695,597,598,612,192,248,187,218,540,562,251,383,213,268,86,183,455,388,374,384,
0,0,0,0,2,0,0,0,0,1,0,0,1,1,0,1,860,732,752,718,652,686,622,699,782,806,766,748,716,571,626,523,566,545,473,542,485,508,284,369,653,716,555,543,696,597,599,612,193,250,188,219,540,560,251,383,214,268,86,182,455,388,374,385,
0,0,0,0,0,2,0,0,0,0,0,0,0,1,0,0,857,731,752,716,651,687,622,698,783,805,765,749,717,571,626,522,566,545,474,541,485,508,285,370,652,715,555,544,695,597,598,612,192,248,187,218,540,561,251,383,212,268,85,183,455,389,375,385,
0,0,0,0,3,1,0,0,0,0,0,0,0,1,0,1,859,733,752,717,652,687,623,697,783,805,766,748,719,571,626,523,566,546,473,542,485,508,285,369,653,716,555,543,695,598,599,612,193,249,187,219,540,560,252,384,213,268,86,182,455,388,374,384,
0,0,0,0,1,1,0,0,0,0,0,0,0,0,3,0,859,731,750,715,652,687,622,697,783,805,765,749,717,571,625,521,566,546,474,542,485,509,285,370,652,716,555,544,694,597,598,612,192,249,187,218,540,561,252,383,212,268,86,182,455,388,374,385,
0,0,0,0,1,1,0,0,0,0,1,0,0,0,1,0,859,732,751,717,652,687,622,698,782,807,767,749,718,571,624,522,568,547,475,544,486,510,286,371,654,717,557,545,696,599,600,614,192,249,188,219,539,560,253,383,214,269,87,181,454,388,374,385,
0,0,0,0,1,0,0,0,0,0,0,0,0,0,3,0,857,730,750,716,651,685,621,697,781,804,766,748,718,571,626,521,566,546,473,541,485,508,285,369,653,714,554,543,695,597,598,612,192,248,186,218,539,561,251,383,213,268,85,182,455,388,374,385,
0,0,0,0,4,0,0,0,0,1,1,0,0,0,0,0,860,732,752,718,652,687,622,697,783,805,766,748,717,571,624,523,566,545,473,541,484,508,284,369,653,715,555,544,695,597,599,612,192,248,187,218,540,561,253,383,213,269,87,181,454,388,374,385,
0,0,0,1,0,0,1,0,0,1,0,0,0,0,0,0,859,732,752,716,651,685,622,697,781,804,766,749,718,571,626,522,566,545,473,541,485,508,284,369,652,714,555,543,694,596,598,612,192,248,187,218,540,561,251,383,213,268,86,182,455,389,374,385,
0,0,0,0,2,1,0,0,0,0,2,0,0,1,0,0,860,732,751,717,652,686,623,698,783,805,766,750,718,572,625,523,566,545,473,542,484,509,284,369,653,716,555,543,694,597,599,612,192,248,187,219,540,560,252,383,214,269,88,182,455,388,374,385,
0,0,0,1,1,1,0,0,0,2,0,0,0,0,1,0,861,731,753,717,652,686,622,696,781,804,765,748,717,571,626,522,566,545,474,542,484,509,285,370,652,715,555,544,693,596,598,612,192,248,187,218,540,561,252,383,212,268,86,182,455,388,374,385,
0,0,0,0,1,1,0,0,0,0,2,0,0,1,0,0,860,731,752,717,652,687,622,697,783,805,765,749,719,572,627,522,565,546,473,541,485,508,285,369,652,715,555,543,695,597,599,612,192,249,188,218,539,561,252,384,214,269,87,182,454,388,374,385,
0,0,0,2,1,1,0,0,0,3,0,0,0,0,1,0,859,731,752,717,652,685,622,696,782,804,765,749,718,571,626,522,566,545,473,542,484,508,285,369,654,715,555,543,693,597,599,612,192,249,187,218,540,561,251,383,213,268,86,181,455,388,374,385,
0,0,0,0,1,1,0,0,0,1,1,0,0,2,0,0,859,732,751,717,652,686,622,697,783,806,766,748,718,572,626,522,566,545,473,541,485,508,284,369,653,716,555,543,695,597,599,612,192,249,186,218,540,561,253,383,214,268,87,181,455,388,374,384,
0,0,0,0,1,0,1,0,0,0,0,0,0,0,2,0,860,732,753,716,651,686,621,697,782,804,766,749,718,572,626,522,566,546,473,542,484,509,285,370,653,715,555,543,694,597,598,611,192,249,186,218,540,561,251,383,213,268,86,181,455,389,374,385,
0,0,0,0,2,1,0,0,0,0,2,0,0,3,0,0,859,731,751,716,652,687,622,698,783,804,765,748,718,572,626,523,566,545,473,542,484,508,284,369,653,716,555,543,695,597,598,612,193,248,186,218,539,561,251,384,214,269,88,182,454,389,373,384,
0,0,0,1,0,0,0,0,0,1,0,0,1,1,1,0,859,731,752,719,652,687,621,696,780,803,765,748,717,571,626,523,566,545,473,542,485,508,284,369,654,716,555,544,693,596,598,611,193,249,187,218,539,561,251,383,213,267,85,181,455,388,374,384,
0,0,0,0,0,3,0,0,0,0,1,0,0,1,0,0,858,731,752,717,652,686,622,698,783,805,766,748,719,571,626,523,565,545,474,541,484,508,285,369,653,716,555,543,695,597,598,612,192,249,186,218,540,561,251,383,213,268,88,182,454,388,373,384,
0,0,0,0,1,1,0,0,0,3,0,0,0,1,0,0,859,731,752,717,652,686,622,696,780,804,765,748,716,572,626,522,567,547,475,543,486,510,286,371,655,717,556,545,697,599,600,613,193,250,187,219,539,561,252,384,212,268,86,181,455,388,374,385,
0,0,1,0,1,1,0,0,0,0,0,0,0,2,0,0,860,732,752,717,652,686,622,697,782,805,765,748,718,571,626,522,566,545,473,542,484,508,284,369,652,715,555,544,695,597,598,613,192,249,187,218,539,561,252,384,213,268,86,182,454,389,374,385,
0,0,0,0,1,0,0,0,0,2,0,0,0,0,0,1,860,732,752,716,652,687,622,698,783,804,764,747,717,571,625,523,566,545,473,542,484,508,284,369,653,716,555,544,695,597,599,612,193,249,188,219,539,561,252,383,213,268,86,181,454,388,374,385,
0,0,0,0,0,3,0,0,0,1,1,0,0,0,3,0,858,730,752,717,653,686,621,697,782,806,765,748,718,571,626,522,565,545,473,541,484,508,285,370,653,715,555,543,694,597,598,611,192,249,186,218,540,561,252,383,213,268,84,183,454,388,375,385,
0,1,0,0,2,0,0,0,0,1,1,0,0,1,0,0,861,732,751,717,653,686,622,697,784,806,765,748,718,571,625,522,566,545,473,541,484,508,284,370,653,715,555,544,695,597,599,612,193,249,187,219,540,561,252,383,214,268,87,182,454,388,374,384,
0,0,0,0,0,0,0,0,0,0,0,0,0,0,0,0,860,730,752,716,652,685,622,697,781,805,765,748,718,571,626,523,566,546,474,542,485,508,284,369,652,715,555,543,694,596,598,612,192,248,186,219,540,561,252,383,213,268,86,182,455,388,375,385,
0,0,0,0,3,0,0,0,0,0,2,0,0,1,0,0,860,731,751,717,653,687,622,698,783,805,765,750,718,572,626,522,566,545,473,542,484,508,285,369,654,715,555,544,694,597,599,612,192,249,187,219,540,561,253,383,214,269,87,182,454,388,374,385,
0,0,0,1,1,0,0,0,0,0,0,0,0,0,1,0,861,730,751,716,651,686,622,696,781,805,765,748,718,571,626,523,566,545,473,542,484,508,284,369,653,714,555,544,693,596,598,612,191,248,187,218,539,561,251,383,213,268,85,182,454,388,374,385,
0,0,0,0,2,1,0,0,0,0,3,0,0,0,0,0,859,731,752,717,652,687,622,698,783,805,767,749,719,571,625,522,565,545,473,542,484,508,285,369,652,716,555,544,695,596,598,612,192,249,187,218,539,561,252,383,214,269,87,181,454,388,374,384,
0,0,0,1,1,0,0,0,0,1,0,0,0,1,1,0,860,731,751,716,652,685,621,695,782,805,764,749,717,571,626,522,566,545,473,542,484,508,283,369,653,715,555,543,692,596,598,611,192,249,187,218,539,561,252,383,213,268,86,181,454,388,374,385,
0,0,0,0,1,1,0,0,0,0,1,0,0,3,0,0,860,732,752,717,652,687,621,697,783,804,764,748,718,573,626,523,566,545,474,542,484,508,284,369,653,716,555,543,694,597,599,611,192,249,186,218,540,561,251,383,212,269,88,183,455,388,374,384,
0,0,0,0,1,0,0,0,0,1,0,0,1,0,0,0,860,731,753,717,652,686,622,698,781,804,764,748,717,571,625,522,566,545,473,542,484,508,284,369,653,717,555,544,695,597,598,611,192,249,188,220,540,561,251,383,213,268,85,182,455,388,374,385,
0,0,0,0,1,2,0,0,0,0,0,0,0,0,0,0,858,730,751,716,652,686,623,697,783,806,766,748,718,571,627,522,566,545,473,542,484,508,285,369,652,714,555,543,695,597,599,612,193,248,187,219,540,561,251,383,214,268,86,183,455,389,374,385,
0,0,0,0,3,1,0,0,0,0,0,0,0,0,0,1,859,732,753,717,652,686,622,698,782,807,766,747,716,571,626,522,566,545,473,542,484,508,284,369,653,715,554,543,696,596,599,611,193,249,188,219,540,561,251,383,213,268,85,182,455,388,374,384,
0,0,0,0,1,3,0,0,0,0,0,1,0,1,0,0,858,731,752,716,652,687,622,697,782,805,766,749,718,571,627,522,565,545,473,541,485,508,285,369,651,714,554,543,694,597,599,612,192,249,187,218,539,561,252,383,212,268,86,182,455,389,374,385,
0,0,0,0,3,0,0,0,0,0,0,0,0,0,0,0,858,732,751,717,652,686,622,698,783,804,767,748,717,572,626,522,565,545,473,542,485,508,284,369,653,716,555,544,695,597,598,612,193,250,187,219,539,561,251,383,213,268,86,182,454,388,374,385,
0,0,0,0,1,1,0,0,0,0,0,0,0,0,2,0,860,731,751,715,652,686,622,697,783,806,766,748,717,572,627,522,566,545,473,541,485,508,285,369,651,715,554,543,694,597,599,611,192,248,187,218,540,561,251,383,213,268,86,182,455,389,374,385,
0,0,0,0,2,1,0,0,0,0,1,0,0,0,0,0,859,732,751,717,653,687,623,697,782,807,765,749,717,571,625,522,566,545,473,542,484,508,284,369,653,716,555,543,695,597,599,612,192,249,188,218,539,560,252,383,214,268,86,181,454,388,374,384,
0,0,0,0,1,0,0,0,0,1,0,0,0,0,0,0,862,732,752,716,653,687,622,697,781,803,764,748,718,571,626,522,566,545,473,542,484,508,284,369,652,715,555,543,694,596,598,611,192,249,187,218,539,561,251,383,213,268,86,181,455,388,374,384,
0,0,0,0,0,1,0,0,0,0,1,0,0,2,0,0,860,732,751,717,652,686,622,698,781,805,765,748,718,571,626,522,566,545,473,542,485,508,284,369,653,715,555,543,695,597,598,612,192,249,186,218,539,561,251,383,213,268,88,183,454,388,373,384,
0,0,0,0,0,0,0,0,0,2,0,0,0,0,1,0,860,732,752,717,652,687,622,696,781,803,766,748,718,571,626,522,565,545,473,542,484,508,284,369,653,715,555,543,694,596,597,611,192,250,187,219,539,560,251,383,213,267,85,181,455,388,374,385,
0,0,0,0,0,3,0,0,0,0,1,0,0,1,0,0,859,731,751,717,652,687,622,698,782,806,766,749,718,572,626,522,565,545,473,542,484,508,285,369,653,715,555,543,695,596,598,612,192,248,187,218,540,561,251,384,214,269,88,182,455,388,374,384,
0,0,0,0,0,0,0,0,0,2,0,0,0,0,0,0,859,731,753,718,652,686,623,696,780,804,766,748,716,572,626,523,565,545,473,542,484,508,285,369,653,715,555,544,693,596,598,611,193,250,187,219,539,561,252,383,212,267,86,182,454,388,374,385,
0,0,0,0,1,1,0,0,0,0,0,0,0,2,0,0,859,731,752,716,652,687,623,698,783,806,766,748,719,572,626,523,565,546,474,541,485,508,285,369,652,715,555,543,695,597,599,612,192,248,187,218,540,561,252,384,212,268,86,183,455,389,374,385,
0,0,0,0,1,0,0,0,0,2,0,0,0,0,0,1,860,732,752,717,651,687,622,698,783,806,765,747,717,571,625,523,566,545,473,541,484,508,284,369,653,716,555,543,695,597,598,613,193,249,188,220,539,561,252,383,213,268,87,181,454,388,374,385,
0,0,0,0,0,2,0,0,0,1,1,0,0,0,2,0,859,730,751,717,652,686,622,698,783,805,765,748,718,572,626,522,565,546,473,542,485,508,285,369,652,716,554,543,694,597,598,612,192,249,186,218,540,561,251,383,213,268,85,182,454,388,374,385,
0,0,0,0,2,0,0,0,0,0,1,0,0,1,0,0,860,732,751,717,652,687,622,697,783,805,765,748,718,571,626,522,565,545,473,541,484,508,284,369,653,715,554,543,695,598,598,612,192,248,187,218,539,560,252,383,213,268,87,181,454,388,374,384,
0,0,0,0,0,0,1,0,0,0,0,0,0,0,0,0,859,732,751,717,651,685,622,698,780,804,765,748,718,571,626,522,566,545,473,542,484,508,284,369,652,714,554,543,694,597,599,612,192,248,186,218,539,561,251,383,213,268,85,181,454,388,374,385,
0,0,0,0,3,0,0,0,0,0,2,0,0,1,0,0,859,732,752,717,651,686,622,698,783,805,766,749,718,572,625,523,566,545,473,542,484,508,284,369,653,715,555,543,694,596,598,612,192,248,186,219,539,560,252,383,214,268,87,181,454,388,373,384,
0,0,0,1,0,0,0,0,0,0,0,0,0,0,2,0,859,732,752,716,651,686,622,696,780,805,765,748,717,571,626,522,566,545,473,542,485,508,285,369,652,714,554,543,693,596,599,612,192,248,187,219,539,561,252,384,213,268,86,182,455,388,374,385,
0,0,0,0,0,1,0,0,0,0,2,0,0,1,0,0,859,731,752,716,652,687,622,697,783,806,767,749,719,572,626,523,565,545,473,541,485,508,284,369,652,715,555,544,694,597,598,612,192,249,188,218,540,561,252,383,214,269,87,182,454,388,374,385,
0,0,0,1,1,1,1,0,0,2,0,0,0,0,0,0,860,731,751,717,652,686,621,696,782,804,764,748,718,572,627,522,566,546,474,542,484,508,284,369,653,715,555,543,693,597,598,611,192,249,187,218,539,561,251,383,212,268,86,181,454,388,374,384,
0,0,1,0,1,1,0,0,1,1,0,0,0,1,0,0,859,731,752,717,652,687,622,697,782,805,765,749,719,572,626,523,565,546,473,541,485,508,284,369,652,716,555,543,695,597,599,611,192,249,186,218,539,561,252,383,212,268,87,182,455,389,374,385,
0,0,0,0,1,1,1,0,0,0,0,0,1,0,0,0,860,732,752,716,652,687,623,697,781,803,764,749,718,571,625,522,566,546,473,542,484,508,284,369,653,716,555,543,695,597,598,611,192,250,188,219,540,561,251,383,213,268,85,182,455,388,374,384,
0,0,0,0,0,2,0,0,0,0,0,0,0,0,0,0,858,730,751,717,652,686,622,698,783,805,765,749,718,572,626,522,565,545,473,541,485,508,285,369,652,715,555,543,694,597,599,612,192,248,187,218,540,561,251,383,213,268,85,184,454,389,374,385,
0,0,0,0,2,0,0,0,0,0,0,0,0,0,0,1,859,732,751,717,653,686,622,699,783,806,765,747,717,571,625,522,566,545,473,542,485,508,284,370,652,714,555,544,696,598,600,612,193,249,188,219,540,560,251,383,213,268,85,182,454,388,374,384,
