0,,red
0,631,722,543,red
0,625,721,542,red
0,631,722,543,red
0,631,722,544,red
0,631,722,544,red
0,631,723,544,red
0,631,722,544,red
0,631,722,544,red
0,631,722,544,red
0,631,722,544,red
0,632,722,544,red
0,631,723,544,red
0,632,722,544,red
0,632,722,544,red
0,632,723,544,red
0,632,723,544,red
0,632,722,544,red
0,632,723,544,red
0,632,723,545,red
0,632,723,545,red
0,632,723,544,red
0,632,722,544,red
0,632,723,545,red
0,632,723,545,red
0,632,723,545,red
0,631,723,545,red
0,632,723,545,red
0,632,722,545,red
0,632,723,545,red
0,632,723,545,red
0,632,723,545,red
0,632,723,545,red
0,632,723,545,red
0,632,723,545,red
0,632,723,545,red
0,632,723,545,red
0,632,723,545,red
0,632,723,545,red
0,632,723,545,red
0,632,723,545,red
0,632,723,545,red
0,632,723,545,red
0,632,723,545,red
0,632,723,545,red
0,632,723,545,red
0,632,723,545,red
0,632,723,545,red
0,632,723,545,red
0,632,723,545,red
0,632,723,545,red
0,632,723,545,red
0,632,723,545,red
0,632,723,545,red
0,632,723,545,red
0,632,723,545,red
0,632,723,545,red
0,632,723,545,red
0,632,723,545,red
0,632,723,545,red
0,632,723,546,red
0,632,723,545,red
0,632,723,545,red
0,632,723,545,red
0,632,723,545,red
0,632,723,545,red
0,632,723,545,red
0,633,723,545,red
0,632,723,545,red
0,632,723,545,red
0,632,723,545,red
0,632,723,545,red
0,632,723,545,red
0,632,723,545,red
0,632,723,545,red
0,632,723,545,red
0,632,723,545,red
0,632,723,546,red
0,632,723,545,red
0,632,723,545,red
0,632,723,545,red
0,632,723,546,red
0,632,723,546,red
0,632,723,545,red
0,632,723,546,red
0,632,723,546,red
0,633,723,546,red
0,633,723,545,red
0,632,723,546,red
0,632,723,546,red
0,632,723,545,red
0,633,723,546,red
0,633,723,546,red
0,633,723,546,red
0,633,723,546,red
0,632,723,546,red
0,633,723,546,red
0,632,724,546,red
0,633,723,546,red
0,633,723,546,red
