0,335,725,632,green
0,350,727,634,green
0,350,727,634,green
0,351,727,634,green
0,351,727,634,green
0,351,727,635,green
0,351,727,635,green
0,351,728,635,green
0,351,728,635,green
0,351,727,635,green
0,351,728,635,green
0,351,727,635,green
0,351,728,635,green
0,352,728,635,green
0,351,727,635,green
0,351,728,635,green
0,350,727,635,green
0,351,728,635,green
0,351,727,635,green
0,351,728,635,green
0,352,728,635,green
0,352,728,635,green
0,352,728,635,green
0,352,728,635,green
0,352,728,635,green
0,352,728,635,green
0,352,727,635,green
0,352,728,635,green
0,351,728,635,green
0,351,728,635,green
0,352,728,635,green
0,352,728,635,green
0,351,728,635,green
0,352,728,635,green
0,352,728,635,green
0,351,728,635,green
0,352,728,635,green
0,351,728,635,green
0,351,728,635,green
0,351,728,635,green
0,351,728,635,green
0,351,728,635,green
0,351,728,635,green
0,351,728,635,green
0,352,727,635,green
0,352,728,635,green
0,352,728,635,green
0,352,728,635,green
0,352,728,635,green
0,352,728,635,green
0,352,728,635,green
0,353,728,636,green
0,353,728,636,green
0,353,728,635,green
0,353,728,635,green
0,353,728,636,green
0,353,728,635,green
0,353,728,636,green
0,353,728,636,green
0,353,728,636,green
0,353,728,636,green
0,353,728,636,green
0,353,728,636,green
0,353,728,636,green
0,353,728,636,green
0,353,728,635,green
0,353,728,636,green
0,353,728,636,green
0,353,728,636,green
0,353,728,636,green
0,353,728,636,green
0,353,728,636,green
0,353,728,636,green
0,353,728,636,green
0,354,728,636,green
0,353,728,635,green
0,354,728,636,green
0,353,728,636,green
0,353,728,636,green
0,353,728,636,green
0,353,728,636,green
0,353,728,636,green
0,353,728,636,green
0,353,728,636,green
0,353,728,636,green
0,353,728,636,green
0,353,728,636,green
0,353,728,636,green
0,353,728,636,green
0,354,728,636,green
0,353,728,636,green
0,353,728,636,green
0,353,728,636,green
0,353,728,636,green
0,354,728,636,green
0,353,728,636,green
0,354,728,636,green
0,353,728,636,green
0,354,728,636,green
0,354,728,636,green
