538,538,528,nonelo
530,541,525,nonelo
530,550,527,nonelo
534,559,533,nonelo
540,563,539,nonelo
563,549,554,nonelo
554,541,539,nonelo
538,538,528,nonelo
530,541,525,nonelo
530,550,527,nonelo
534,559,533,nonelo
540,563,539,nonelo
505,524,555,nonelo
508,527,572,nonelo
515,533,548,nonelo
292,316,392,nonelo
542,559,582,nonelo
551,554,570,nonelo
542,540,555,nonelo
534,530,546,nonelo
532,528,544,nonelo
537,532,546,nonelo
545,538,550,nonelo
554,544,555,nonelo
560,551,558,nonelo
563,562,559,nonelo
562,569,554,nonelo
554,565,540,nonelo
540,560,528,nonelo
530,551,523,nonelo
528,550,525,nonelo
532,553,530,nonelo
537,557,536,nonelo
543,561,584,nonelo
549,565,605,nonelo
551,565,597,nonelo
548,559,584,nonelo
540,546,567,nonelo
530,534,555,nonelo
527,530,550,nonelo
532,532,551,nonelo
540,538,554,nonelo
550,544,558,nonelo
559,550,562,nonelo
565,554,563,nonelo
567,556,560,nonelo
561,558,549,nonelo
548,552,535,nonelo
536,551,527,nonelo
531,556,527,nonelo
533,556,530,nonelo
538,560,536,nonelo
544,564,542,nonelo
549,568,553,nonelo
553,570,596,nonelo
553,567,603,nonelo
545,555,583,nonelo
528,538,565,nonelo
520,529,555,nonelo
521,528,552,nonelo
527,532,553,nonelo
537,539,558,nonelo
549,546,562,nonelo
558,553,566,nonelo
565,556,565,nonelo
566,552,557,nonelo
555,537,531,nonelo
445,371,355,nonelo
359,377,358,nonelo
376,416,403,nonelo
423,464,420,nonelo
421,435,356,nonelo
347,376,320,nonelo
324,357,308,nonelo
318,350,302,nonelo
311,342,375,nonelo
301,330,400,nonelo
290,320,379,nonelo
283,313,365,nonelo
287,312,359,nonelo
298,316,359,nonelo
314,328,375,nonelo
370,465,559,nonelo
552,553,569,nonelo
564,558,570,nonelo
566,555,562,nonelo
559,542,547,nonelo
546,530,537,nonelo
538,535,533,nonelo
538,545,535,nonelo
541,557,540,nonelo
546,570,545,nonelo
552,575,550,nonelo
556,577,553,nonelo
559,576,553,nonelo
556,571,544,nonelo
544,557,571,nonelo
531,545,588,nonelo
525,540,576,nonelo
525,541,572,nonelo
532,545,572,nonelo
542,550,574,nonelo
551,556,576,nonelo
559,560,576,nonelo
565,561,573,nonelo
564,555,564,nonelo
556,542,549,nonelo
545,530,539,nonelo
540,526,536,nonelo
540,537,537,nonelo
543,550,542,nonelo
548,563,547,nonelo
554,576,552,nonelo
558,580,555,nonelo
560,579,554,nonelo
557,573,545,nonelo
546,559,531,nonelo
532,548,558,nonelo
526,543,589,nonelo
526,543,581,nonelo
530,547,579,nonelo
539,552,579,nonelo
548,557,580,nonelo
556,561,580,nonelo
562,563,578,nonelo
563,558,569,nonelo
556,546,555,nonelo
546,533,543,nonelo
541,528,538,nonelo
541,528,539,nonelo
543,541,542,nonelo
548,556,547,nonelo
553,569,552,nonelo
558,580,554,nonelo
560,581,554,nonelo
557,574,545,nonelo
544,557,489,nonelo
362,368,307,nonelo
311,340,368,nonelo
300,332,405,nonelo
296,327,387,nonelo
293,324,375,nonelo
299,323,366,nonelo
306,322,360,nonelo
312,323,357,nonelo
323,330,363,nonelo
356,451,551,nonelo
543,535,546,nonelo
541,530,541,nonelo
541,528,540,nonelo
543,532,542,nonelo
547,545,546,nonelo
552,559,551,nonelo
557,572,555,nonelo
561,582,557,nonelo
562,583,557,nonelo
560,576,549,nonelo
549,563,535,nonelo
536,551,525,nonelo
528,545,564,nonelo
527,544,589,nonelo
530,547,584,nonelo
536,552,582,nonelo
544,557,582,nonelo
553,561,582,nonelo
560,563,581,nonelo
564,563,577,nonelo
562,555,566,nonelo
553,542,552,nonelo
544,532,543,nonelo
541,528,539,nonelo
543,530,540,nonelo
545,542,544,nonelo
550,556,548,nonelo
555,569,553,nonelo
559,579,556,nonelo
562,582,557,nonelo
561,580,553,nonelo
555,569,541,nonelo
541,556,529,nonelo
531,547,554,nonelo
526,544,589,nonelo
528,545,583,nonelo
532,549,581,nonelo
540,554,580,nonelo
550,559,581,nonelo
558,562,580,nonelo
563,563,578,nonelo
564,559,570,nonelo
558,547,556,nonelo
547,535,544,nonelo
541,528,538,nonelo
541,528,538,nonelo
542,538,541,nonelo
546,552,545,nonelo
551,565,549,nonelo
555,576,552,nonelo
559,580,555,nonelo
560,578,552,nonelo
554,569,541,nonelo
541,556,528,nonelo
530,546,553,nonelo
526,543,589,nonelo
527,544,583,nonelo
532,549,581,nonelo
540,554,581,nonelo
549,558,581,nonelo
557,562,581,nonelo
562,562,577,nonelo
561,556,567,nonelo
553,543,552,nonelo
543,532,542,nonelo
540,528,538,nonelo
542,529,540,nonelo
545,540,544,nonelo
550,554,549,nonelo
555,567,553,nonelo
559,578,557,nonelo
562,583,557,nonelo
560,577,549,nonelo
550,565,536,nonelo
536,552,525,nonelo
528,545,545,nonelo
526,544,585,nonelo
529,547,587,nonelo
535,552,585,nonelo
542,557,584,nonelo
552,561,584,nonelo
558,563,582,nonelo
562,562,576,nonelo
557,552,563,nonelo
547,538,549,nonelo
540,530,541,nonelo
539,528,540,nonelo
544,532,543,nonelo
548,541,547,nonelo
553,556,552,nonelo
558,569,556,nonelo
561,579,558,nonelo
562,583,555,nonelo
557,574,545,nonelo
544,560,531,nonelo
532,549,523,nonelo
527,546,534,nonelo
528,546,579,nonelo
533,551,592,nonelo
539,555,589,nonelo
545,560,588,nonelo
553,563,586,nonelo
559,564,583,nonelo
560,559,573,nonelo
552,546,558,nonelo
542,534,547,nonelo
538,529,542,nonelo
540,529,542,nonelo
545,534,545,nonelo
550,542,549,nonelo
555,556,554,nonelo
560,569,557,nonelo
562,579,558,nonelo
562,582,553,nonelo
555,571,541,nonelo
541,557,528,nonelo
530,548,522,nonelo
527,545,529,nonelo
528,547,577,nonelo
533,551,593,nonelo
540,557,590,nonelo
546,561,589,nonelo
554,565,588,nonelo
560,566,585,nonelo
561,561,576,nonelo
554,549,561,nonelo
544,537,549,nonelo
539,531,543,nonelo
540,530,543,nonelo
545,534,545,nonelo
550,540,549,nonelo
555,555,554,nonelo
559,568,557,nonelo
562,579,559,nonelo
564,585,557,nonelo
559,576,547,nonelo
547,563,533,nonelo
535,552,525,nonelo
529,547,525,nonelo
529,547,574,nonelo
533,550,593,nonelo
538,555,589,nonelo
544,560,588,nonelo
553,563,587,nonelo
559,565,585,nonelo
562,562,577,nonelo
557,552,564,nonelo
547,539,550,nonelo
540,531,543,nonelo
539,530,542,nonelo
545,533,544,nonelo
549,539,548,nonelo
554,554,553,nonelo
559,567,557,nonelo
562,577,559,nonelo
563,583,557,nonelo
559,577,547,nonelo
547,563,533,nonelo
534,552,524,nonelo
528,546,522,nonelo
528,547,567,nonelo
533,551,595,nonelo
539,556,591,nonelo
545,561,590,nonelo
554,564,588,nonelo
560,565,584,nonelo
560,560,575,nonelo
552,547,559,nonelo
542,535,548,nonelo
538,530,543,nonelo
541,531,544,nonelo
548,536,548,nonelo
553,543,553,nonelo
558,558,557,nonelo
562,570,560,nonelo
565,579,560,nonelo
562,581,551,nonelo
551,568,537,nonelo
537,555,526,nonelo
530,549,524,nonelo
529,550,526,nonelo
534,553,573,nonelo
540,557,601,nonelo
546,563,597,nonelo
551,566,594,nonelo
557,567,590,nonelo
558,561,579,nonelo
549,548,563,nonelo
539,536,552,nonelo
536,532,547,nonelo
539,533,548,nonelo
546,539,551,nonelo
555,544,556,nonelo
561,551,559,nonelo
564,564,561,nonelo
566,573,560,nonelo
562,574,551,nonelo
550,568,536,nonelo
537,556,527,nonelo
531,551,525,nonelo
530,551,528,nonelo
535,555,541,nonelo
541,560,588,nonelo
547,564,604,nonelo
552,567,599,nonelo
555,568,594,nonelo
556,562,583,nonelo
548,549,567,nonelo
538,537,555,nonelo
534,532,550,nonelo
537,534,550,nonelo
544,539,553,nonelo
552,544,557,nonelo
561,550,560,nonelo
566,555,563,nonelo
567,566,563,nonelo
565,570,555,nonelo
555,565,541,nonelo
541,561,530,nonelo
533,555,526,nonelo
531,554,528,nonelo
535,556,533,nonelo
540,560,539,nonelo
546,565,584,nonelo
552,568,609,nonelo
555,570,602,nonelo
555,566,592,nonelo
549,555,576,nonelo
538,542,562,nonelo
532,535,554,nonelo
533,534,552,nonelo
539,537,553,nonelo
548,542,557,nonelo
556,548,560,nonelo
564,553,563,nonelo
568,556,565,nonelo
568,565,561,nonelo
562,565,550,nonelo
550,560,537,nonelo
538,558,529,nonelo
532,555,527,nonelo
533,555,530,nonelo
537,558,535,nonelo
543,562,541,nonelo
548,566,582,nonelo
553,570,610,nonelo
556,570,602,nonelo
554,566,591,nonelo
547,554,575,nonelo
537,541,561,nonelo
532,534,554,nonelo
533,534,552,nonelo
540,537,554,nonelo
548,543,557,nonelo
556,549,561,nonelo
564,553,564,nonelo
568,557,564,nonelo
568,564,561,nonelo
562,565,550,nonelo
549,560,536,nonelo
537,558,528,nonelo
532,554,526,nonelo
532,554,529,nonelo
536,557,534,nonelo
542,561,540,nonelo
547,565,584,nonelo
552,569,609,nonelo
555,570,602,nonelo
554,566,591,nonelo
548,555,575,nonelo
538,542,562,nonelo
532,535,554,nonelo
533,534,552,nonelo
539,537,554,nonelo
547,543,557,nonelo
555,548,561,nonelo
563,553,564,nonelo
568,556,565,nonelo
568,564,562,nonelo
563,564,551,nonelo
550,560,537,nonelo
538,558,528,nonelo
532,555,526,nonelo
532,554,529,nonelo
536,557,534,nonelo
542,561,540,nonelo
548,566,582,nonelo
552,569,610,nonelo
555,569,601,nonelo
554,565,590,nonelo
547,553,574,nonelo
537,541,560,nonelo
533,534,553,nonelo
534,533,551,nonelo
539,537,553,nonelo
547,542,556,nonelo
556,548,560,nonelo
563,553,563,nonelo
568,556,564,nonelo
568,564,561,nonelo
562,565,549,nonelo
549,559,536,nonelo
537,558,528,nonelo
532,554,526,nonelo
532,554,529,nonelo
536,557,534,nonelo
542,562,540,nonelo
548,566,585,nonelo
552,569,609,nonelo
555,569,600,nonelo
553,564,589,nonelo
545,552,573,nonelo
536,540,560,nonelo
531,533,553,nonelo
534,533,552,nonelo
540,538,554,nonelo
548,544,558,nonelo
557,549,561,nonelo
564,554,564,nonelo
568,557,564,nonelo
567,563,559,nonelo
559,561,545,nonelo
544,556,532,nonelo
534,556,527,nonelo
531,554,528,nonelo
534,556,532,nonelo
539,560,538,nonelo
545,565,544,nonelo
551,568,587,nonelo
555,571,610,nonelo
556,569,599,nonelo
549,559,583,nonelo
538,544,568,nonelo
530,536,558,nonelo
530,534,555,nonelo
536,537,555,nonelo
544,543,558,nonelo
553,548,563,nonelo
561,554,565,nonelo
568,557,566,nonelo
569,557,562,nonelo
562,554,550,nonelo
548,550,536,nonelo
537,549,529,nonelo
533,555,529,nonelo
535,559,533,nonelo
540,562,538,nonelo
546,566,544,nonelo
551,570,549,nonelo
555,572,584,nonelo
557,570,611,nonelo
550,562,592,nonelo
536,547,575,nonelo
527,537,563,nonelo
527,535,560,nonelo
533,538,559,nonelo
541,543,562,nonelo
551,549,565,nonelo
559,555,568,nonelo
566,558,569,nonelo
570,558,565,nonelo
565,549,553,nonelo
552,542,539,nonelo
540,541,531,nonelo
535,548,530,nonelo
537,558,535,nonelo
541,565,540,nonelo
547,569,546,nonelo
553,573,551,nonelo
557,575,553,nonelo
558,573,575,nonelo
550,562,598,nonelo
536,547,582,nonelo
525,539,570,nonelo
524,537,566,nonelo
531,542,567,nonelo
541,548,569,nonelo
551,554,572,nonelo
559,558,573,nonelo
565,560,572,nonelo
566,556,563,nonelo
558,542,548,nonelo
546,529,536,nonelo
538,531,533,nonelo
538,543,536,nonelo
542,556,541,nonelo
549,569,547,nonelo
554,577,552,nonelo
558,579,555,nonelo
560,577,552,nonelo
553,567,539,nonelo
539,552,549,nonelo
528,543,583,nonelo
525,542,582,nonelo
529,545,580,nonelo
537,552,580,nonelo
547,558,581,nonelo
556,562,581,nonelo
562,563,579,nonelo
562,557,568,nonelo
552,542,552,nonelo
542,531,542,nonelo
540,528,540,nonelo
544,531,543,nonelo
548,541,548,nonelo
554,557,553,nonelo
559,571,557,nonelo
562,580,558,nonelo
562,581,552,nonelo
553,568,538,nonelo
538,554,526,nonelo
529,547,522,nonelo
527,547,549,nonelo
532,551,591,nonelo
538,556,593,nonelo
545,561,591,nonelo
551,563,589,nonelo
555,562,582,nonelo
552,549,480,nonelo
359,344,367,nonelo
331,326,350,nonelo
327,319,342,nonelo
331,318,339,nonelo
338,320,339,nonelo
344,323,339,nonelo
345,335,339,nonelo
346,353,339,nonelo
345,365,333,nonelo
338,370,323,nonelo
328,367,313,nonelo
319,357,306,nonelo
316,353,305,nonelo
316,353,307,nonelo
319,354,346,nonelo
322,354,416,nonelo
324,355,418,nonelo
324,353,405,nonelo
323,347,392,nonelo
322,339,378,nonelo
321,332,366,nonelo
322,327,359,nonelo
327,327,355,nonelo
334,328,353,nonelo
343,334,357,nonelo
357,346,421,nonelo
559,552,563,nonelo
566,556,558,nonelo
558,554,544,nonelo
544,550,533,nonelo
536,552,529,nonelo
534,559,531,nonelo
538,562,537,nonelo
544,566,543,nonelo
550,570,548,nonelo
555,573,559,nonelo
558,573,598,nonelo
554,566,601,nonelo
542,552,582,nonelo
528,541,569,nonelo
526,536,562,nonelo
531,538,561,nonelo
538,542,563,nonelo
547,548,565,nonelo
555,553,568,nonelo
562,556,568,nonelo
567,556,565,nonelo
564,548,553,nonelo
551,534,538,nonelo
538,534,530,nonelo
533,540,529,nonelo
534,551,532,nonelo
539,563,538,nonelo
544,568,544,nonelo
550,571,548,nonelo
554,573,551,nonelo
555,571,547,nonelo
548,561,578,nonelo
534,546,587,nonelo
523,538,573,nonelo
520,536,568,nonelo
527,540,567,nonelo
536,545,569,nonelo
546,552,571,nonelo
556,557,574,nonelo
563,560,573,nonelo
565,558,567,nonelo
560,546,552,nonelo
549,532,540,nonelo
540,525,533,nonelo
537,533,533,nonelo
539,546,537,nonelo
543,559,543,nonelo
550,572,548,nonelo
555,577,552,nonelo
558,577,552,nonelo
555,571,544,nonelo
544,558,529,nonelo
529,545,559,nonelo
522,540,585,nonelo
523,541,578,nonelo
528,545,577,nonelo
538,551,577,nonelo
547,556,577,nonelo
556,559,577,nonelo
560,559,573,nonelo
558,550,560,nonelo
547,535,546,nonelo
538,526,537,nonelo
538,525,536,nonelo
540,528,540,nonelo
545,544,543,nonelo
551,559,549,nonelo
556,571,554,nonelo
560,579,554,nonelo
559,577,549,nonelo
549,563,533,nonelo
532,549,522,nonelo
525,543,518,nonelo
524,544,564,nonelo
529,546,592,nonelo
535,556,588,nonelo
543,559,588,nonelo
550,563,588,nonelo
557,562,581,nonelo
555,553,566,nonelo
541,537,552,nonelo
532,530,543,nonelo
530,529,542,nonelo
540,533,544,nonelo
547,540,550,nonelo
556,547,556,nonelo
560,559,558,nonelo
564,568,557,nonelo
559,569,546,nonelo
545,562,530,nonelo
532,553,523,nonelo
527,549,523,nonelo
530,552,528,nonelo
536,556,535,nonelo
543,562,575,nonelo
549,566,609,nonelo
553,567,600,nonelo
551,562,587,nonelo
540,547,569,nonelo
530,536,558,nonelo
529,533,554,nonelo
535,537,556,nonelo
544,544,560,nonelo
554,550,564,nonelo
562,556,567,nonelo
568,557,566,nonelo
567,551,555,nonelo
553,542,539,nonelo
539,541,530,nonelo
534,547,530,nonelo
537,559,535,nonelo
543,567,542,nonelo
549,571,548,nonelo
555,575,552,nonelo
558,574,551,nonelo
553,566,569,nonelo
538,550,591,nonelo
526,540,577,nonelo
523,539,572,nonelo
529,543,571,nonelo
539,550,574,nonelo
550,556,576,nonelo
558,560,577,nonelo
563,560,573,nonelo
560,550,558,nonelo
548,535,543,nonelo
540,527,537,nonelo
540,527,538,nonelo
544,539,544,nonelo
550,555,550,nonelo
556,569,555,nonelo
561,579,557,nonelo
561,581,552,nonelo
552,567,536,nonelo
536,553,524,nonelo
527,546,521,nonelo
528,548,550,nonelo
533,553,593,nonelo
541,559,597,nonelo
548,564,595,nonelo
554,566,590,nonelo
555,560,578,nonelo
545,544,560,nonelo
534,533,550,nonelo
533,531,548,nonelo
540,536,552,nonelo
550,544,557,nonelo
560,550,561,nonelo
566,555,563,nonelo
567,561,559,nonelo
558,557,543,nonelo
542,551,530,nonelo
533,553,527,nonelo
533,557,531,nonelo
539,562,538,nonelo
546,567,545,nonelo
553,571,550,nonelo
556,573,576,nonelo
553,565,601,nonelo
538,549,582,nonelo
525,538,570,nonelo
523,537,567,nonelo
532,543,568,nonelo
543,550,571,nonelo
553,556,574,nonelo
561,560,574,nonelo
564,558,566,nonelo
557,543,550,nonelo
544,529,538,nonelo
539,526,536,nonelo
541,534,540,nonelo
546,551,546,nonelo
554,566,552,nonelo
559,577,556,nonelo
561,582,554,nonelo
555,570,539,nonelo
538,553,524,nonelo
527,546,521,nonelo
527,547,550,nonelo
534,552,593,nonelo
541,559,596,nonelo
548,564,594,nonelo
554,566,589,nonelo
554,557,575,nonelo
541,541,557,nonelo
532,531,549,nonelo
534,532,550,nonelo
542,539,554,nonelo
552,546,559,nonelo
562,553,563,nonelo
568,556,564,nonelo
566,556,553,nonelo
551,548,536,nonelo
537,546,528,nonelo
533,553,530,nonelo
537,562,536,nonelo
544,567,544,nonelo
552,572,550,nonelo
556,575,552,nonelo
556,569,562,nonelo
542,553,585,nonelo
527,541,579,nonelo
523,539,574,nonelo
528,544,574,nonelo
540,551,576,nonelo
551,558,578,nonelo
559,561,578,nonelo
562,558,568,nonelo
552,541,550,nonelo
540,529,540,nonelo
539,527,540,nonelo
545,533,545,nonelo
551,546,551,nonelo
558,562,557,nonelo
562,573,558,nonelo
561,577,550,nonelo
548,565,532,nonelo
532,551,522,nonelo
527,548,523,nonelo
530,551,529,nonelo
537,557,556,nonelo
544,563,599,nonelo
550,566,602,nonelo
551,563,590,nonelo
540,548,571,nonelo
528,535,559,nonelo
527,533,556,nonelo
535,538,559,nonelo
545,546,564,nonelo
556,553,567,nonelo
564,557,569,nonelo
567,554,560,nonelo
558,539,542,nonelo
542,529,532,nonelo
536,537,533,nonelo
539,551,538,nonelo
546,565,546,nonelo
553,577,552,nonelo
558,579,554,nonelo
558,574,545,nonelo
544,557,528,nonelo
529,545,532,nonelo
525,543,576,nonelo
530,548,590,nonelo
538,555,589,nonelo
546,561,589,nonelo
555,564,586,nonelo
556,558,573,nonelo
544,541,555,nonelo
534,531,546,nonelo
535,531,547,nonelo
543,537,552,nonelo
553,546,559,nonelo
564,553,563,nonelo
568,558,562,nonelo
563,558,548,nonelo
546,550,532,nonelo
534,550,527,nonelo
532,558,531,nonelo
539,563,538,nonelo
546,568,546,nonelo
554,573,551,nonelo
557,573,551,nonelo
550,560,583,nonelo
532,544,583,nonelo
523,538,573,nonelo
525,542,573,nonelo
536,549,575,nonelo
548,556,578,nonelo
557,561,578,nonelo
562,559,571,nonelo
555,545,553,nonelo
541,530,541,nonelo
538,527,540,nonelo
543,533,544,nonelo
551,542,551,nonelo
558,559,557,nonelo
563,571,559,nonelo
563,575,551,nonelo
550,567,533,nonelo
534,553,524,nonelo
529,550,525,nonelo
533,555,533,nonelo
540,561,540,nonelo
548,567,589,nonelo
554,570,608,nonelo
553,565,593,nonelo
539,548,573,nonelo
527,536,562,nonelo
527,535,559,nonelo
535,541,562,nonelo
546,549,567,nonelo
557,555,570,nonelo
564,559,569,nonelo
565,553,559,nonelo
553,536,541,nonelo
541,525,533,nonelo
537,535,535,nonelo
542,551,542,nonelo
549,566,549,nonelo
556,579,554,nonelo
560,580,554,nonelo
557,572,542,nonelo
541,555,525,nonelo
527,545,520,nonelo
526,545,569,nonelo
531,551,594,nonelo
540,557,592,nonelo
547,563,591,nonelo
554,565,587,nonelo
554,557,572,nonelo
541,539,555,nonelo
532,531,548,nonelo
534,532,549,nonelo
543,539,554,nonelo
554,547,559,nonelo
563,553,563,nonelo
567,556,562,nonelo
563,556,549,nonelo
547,547,533,nonelo
534,547,527,nonelo
532,556,530,nonelo
538,562,537,nonelo
545,568,545,nonelo
552,573,550,nonelo
557,574,551,nonelo
553,565,575,nonelo
537,548,589,nonelo
524,539,575,nonelo
522,539,571,nonelo
531,545,573,nonelo
542,552,575,nonelo
553,558,577,nonelo
561,561,576,nonelo
561,554,563,nonelo
549,537,546,nonelo
539,527,538,nonelo
539,527,539,nonelo
545,534,545,nonelo
552,549,551,nonelo
558,564,556,nonelo
562,575,557,nonelo
560,577,548,nonelo
547,564,531,nonelo
532,551,522,nonelo
528,548,524,nonelo
531,552,531,nonelo
539,559,569,nonelo
546,564,607,nonelo
552,568,602,nonelo
553,565,590,nonelo
543,550,572,nonelo
531,536,559,nonelo
528,533,554,nonelo
534,537,556,nonelo
545,544,561,nonelo
555,551,565,nonelo
564,556,567,nonelo
568,557,563,nonelo
562,545,548,nonelo
546,536,534,nonelo
536,539,530,nonelo
535,550,533,nonelo
541,564,540,nonelo
548,572,547,nonelo
555,576,552,nonelo
558,576,552,nonelo
554,568,539,nonelo
539,551,556,nonelo
526,541,587,nonelo
524,541,580,nonelo
529,546,579,nonelo
539,553,580,nonelo
550,559,582,nonelo
558,562,581,nonelo
560,559,571,nonelo
551,543,553,nonelo
539,530,542,nonelo
537,528,541,nonelo
543,533,546,nonelo
552,541,551,nonelo
558,554,557,nonelo
563,567,559,nonelo
564,573,554,nonelo
554,568,538,nonelo
537,557,526,nonelo
529,551,524,nonelo
531,553,529,nonelo
537,558,536,nonelo
545,564,570,nonelo
551,568,608,nonelo
554,568,601,nonelo
549,559,583,nonelo
534,542,566,nonelo
527,534,558,nonelo
529,535,557,nonelo
538,541,560,nonelo
549,548,564,nonelo
559,555,568,nonelo
566,558,568,nonelo
567,553,558,nonelo
555,536,540,nonelo
540,531,532,nonelo
